21114
21212
21555
21415
21428
21264
21472
21270
21021
16237
16502
16438
16708
16309
16406
21349
21476
21626
21201
21374
21209
21241
21340
21043
21345
16478
16223
16543
16388
16336
16197
21321
21351
21467
21181
21391
21388
21412
21383
21297
21400
16301
16514
16469
16546
16416
16325
21258
16205
16515
16564
16231
16096
16299
16433
16640
21204
16492
16195
16375
16250
16325
16201
20979
16310
16160
16467
16547
16598
16501
16261
16129
21183
16296
16415
16510
16460
16556
16569
21540
16398
16426
16355
16470
16257
16269
16542
16348
21477
16153
16327
16409
16417
16337
16536
21239
16260
16364
16483
16519
16335
16223
16340
16327
21153
16304
16463
16332
16252
16375
16470
21067
16352
16604
16168
16453
16348
16224
16235
16232
21280
16608
16430
16472
16464
16296
16368
21344
16472
16180
16544
16698
16354
16446
16201
16533
21406
16372
16355
16523
16359
16508
16526
21396
16327
16205
16362
16298
16776
16484
16369
16366
21402
16363
16377
16326
16336
16611
16371
21155
16166
16463
16409
16380
16516
16696
16030
16493
21532
16534
16553
16394
16482
16413
16614
21185
16365
16504
16464
16591
16547
16446
16432
16464
21412
16363
16501
16463
16248
16342
16355
21512
16394
16762
16328
16527
16161
16270
16407
16465
21021
16424
16209
16321
16321
16321
16442
21207
16433
16491
16318
16303
16426
16715
16689
16326
21709
16235
16526
16380
16296
16324
16257
21372
16382
16465
16476
16674
16543
16174
16524
16080
21331
16299
16380
16541
16363
16388
16320
21301
16196
16373
16452
16209
16296
16294
16461
16435
21551
16379
16539
16390
16450
16433
16413
21586
16232
16568
16332
16423
16403
16322
16403
16193
21555
16313
16451
16607
16542
16362
16468
21452
16212
16406
16311
16090
16369
16285
16519
16241
21475
16279
16434
16397
16483
16486
16358
21159
16420
16207
16460
16220
16380
16260
16297
16368
21278
16461
16465
16548
16420
16367
16219
21195
16536
16278
16389
16675
16579
16488
16210
16318
21217
16137
16418
16360
16353
16157
16367
21186
16428
16578
16422
16164
16240
16216
16495
16517
20948
16331
16490
16555
16318
16285
16331
21351
21404
21256
21229
21485
21377
21358
21277
21287
21324
16515
16460
16271
16333
16298
16232
21265
21162
21105
21331
21192
21195
21261
21246
21553
21276
16769
16225
16339
16173
16145
16453
21291
21119
21156
21527
21165
21056
21367
21391
21245
21306
16370
16451
16439
16253
16367
16317
21504
21308
16317
16396
16298
16569
16709
16274
21518
21451
21528
21354
21194
21162
21391
21116
21559
21225
16507
16505
16191
16358
16123
16098
21259
21268
21380
21316
21510
21343
21245
21335
21517
21419
16420
16199
16545
16743
16478
16387
21298
21282
21122
21395
21351
21499
21576
21267
21117
21395
16389
16228
16514
16305
16418
16320
21408
16324
16369
16426
16375
16456
16402
16521
16412
20939
16085
16235
16577
16279
16316
16165
21352
16591
16419
16379
16335
16508
16331
16328
16136
21282
16498
16376
16204
16331
16406
16152
21180
16102
16296
16393
16394
16269
16361
16319
16351
21542
16386
16377
16462
16407
16634
16464
21243
16331
16410
16302
16414
16196
16320
16395
16358
21408
16186
16224
16588
16600
16435
16128
21287
16383
16254
16395
16463
16428
16629
16554
16320
21047
16561
16437
16415
16340
16218
16315
21561
16428
16164
16506
16631
16343
16579
16467
16169
21361
16362
16372
16202
16532
16300
16557
21342
16157
16386
16631
16141
16613
16438
16470
16458
21256
16220
16387
16308
16196
16372
16443
21236
16394
16632
16457
16261
16390
16568
16516
16466
21199
16247
16473
16246
16731
16534
16461
21350
16565
16352
16241
16349
16602
16387
16268
16330
21300
16400
16373
16225
16411
16643
16265
21457
16327
16300
16398
16253
16602
16325
16466
16402
21279
16235
16509
16436
16333
16375
16162
21406
16290
16590
16407
16482
16558
16164
16154
16361
21308
16600
16541
16548
16336
16539
16318
21408
16505
16537
16325
16160
16416
16409
16382
16288
21527
16362
16277
16387
16281
16433
16375
21318
16093
16275
16447
16376
16312
16482
16082
16543
21083
16338
16475
16375
16339
16333
16218
21129
16383
16372
16379
16275
16560
16494
16261
16237
21243
16364
16441
16381
16427
16417
16290
21177
16359
16172
16392
16338
16403
16433
16648
16442
21346
16431
16518
16312
16354
16550
16413
21576
16384
16390
16437
16520
16337
16403
16550
16279
21264
16218
16256
16040
16477
16475
16115
21146
16566
16520
16356
16187
16307
16434
16223
16097
21344
16472
16522
16429
16290
16278
16302
21534
16608
16589
16399
16383
16377
16093
16524
16138
21325
16496
16156
16303
16117
16247
16536
21348
21211
21380
21126
21408
21039
21419
21516
21283
21113
16380
16276
16218
16307
16356
16505
21332
21409
21262
21241
21280
21187
21135
21471
21170
21297
16360
16505
16351
16281
16369
16515
21192
21410
21340
21238
21440
21367
21195
21554
21409
21486
21339
21260
21193
21323
21289
21221
21345
21260
16487
16247
16319
16284
16272
16413
21066
21339
21238
21192
21534
21355
21309
21472
21332
21196
16201
16459
16284
16382
16501
16300
21167
21256
21106
21197
21617
21348
21054
21154
20972
21479
16511
16142
16449
16073
16563
16456
21330
16387
16299
16563
16548
16309
16433
16427
16538
21149
16309
16308
16391
16502
16305
16161
21301
16481
16303
16269
16395
16552
16252
16234
16337
21270
16470
16284
16310
16254
16340
16367
21156
16458
16266
16480
16654
16406
16253
16698
16263
20970
16370
16336
16240
16436
16175
16100
21287
16410
16403
16414
16293
16492
16511
16318
16478
21289
16340
16547
16528
16448
16429
16432
21641
16392
16369
16092
16606
16458
16315
16406
16289
21320
16562
16466
16251
16262
16331
16152
21347
16305
16644
16320
16638
16332
16455
16355
16355
21239
16317
16295
16319
16441
16204
16429
21345
16199
16510
16412
16551
16524
16552
16504
16354
21309
16373
16505
16384
16506
16393
16453
21134
16062
16070
16002
16504
16458
16410
16024
16351
21162
16218
16529
16315
16137
16378
16173
21147
16432
16337
16368
16377
16374
16640
16352
16311
21345
16343
16381
16406
16205
16299
16304
21355
16253
16321
16444
16276
16305
16375
16168
16696
21135
16251
16476
16292
16543
16253
16467
21051
16203
16298
16430
16344
16176
16588
16512
16505
21380
16449
16480
16274
16669
16435
16261
21030
16290
16256
16447
16522
16208
16507
16240
16291
21501
16404
16495
16420
16309
16354
16498
21205
16522
16391
16101
16377
16145
16138
16214
16384
21285
16554
16443
16542
16461
16482
16227
21257
16378
16590
16433
16391
15982
16478
16461
16275
21560
16236
16505
16533
16312
16525
16252
21223
16584
16639
16472
16183
16473
16279
16512
16268
21282
16352
16174
16414
16338
16120
16512
21309
16378
16200
16441
16343
16497
16503
16318
16450
21330
16377
16117
16507
16422
16416
16302
21226
16315
16172
16405
16394
16527
16407
16323
16154
21289
16361
16252
16670
16310
16410
16424
21376
16414
16213
16361
16438
16120
16524
16395
16354
21185
16465
16192
16265
16502
16253
16410
21282
20961
21315
21068
21578
21428
21360
21202
21187
21414
16151
16252
16339
16369
16206
16626
21502
21394
21326
21413
21101
21311
21309
21203
21116
21030
16463
16464
16207
16256
16360
16287
21395
21567
21605
21306
21308
21208
21324
21227
21314
21305
16279
16414
16134
16578
16447
16538
21327
21656
16381
16319
16368
16619
16457
16440
21340
21305
21306
21373
21249
21388
21204
21152
21310
21304
16417
16643
16471
16367
16587
16470
21311
21215
21044
21382
21446
21341
21384
21359
20936
21578
16432
16284
16427
16187
16229
16674
21439
21563
21090
21197
21410
21503
21416
21345
21159
21329
16461
16568
16284
16186
16235
16236
21449
16549
16374
16311
16543
16453
16383
16396
16310
21228
16550
16196
16315
16229
16413
16421
21174
16245
16259
16551
16491
16358
16103
16362
16290
21239
16478
16129
16328
16274
16428
16505
21273
16325
16442
16475
16331
16513
16459
16291
16220
21405
16300
16476
16359
16405
16209
16395
21021
16341
16407
16371
16476
16508
16495
16363
16375
21190
16396
16302
16515
16372
16435
16213
21179
16312
16524
16354
16594
16511
16281
16455
16430
21506
16285
16351
16163
16328
16471
16421
21193
16328
16439
16405
16316
16363
16345
16235
16246
21078
16414
16514
16322
16214
16449
16375
21528
16384
16491
16251
16387
16483
16300
16327
16493
21421
16382
16361
16284
16318
16299
16561
21339
16287
16451
16347
16288
16284
16321
16215
16552
21275
16501
16188
16603
16338
16419
16258
21464
16368
16431
16328
16496
16558
16237
16344
16188
21158
16495
16522
16383
16422
16390
16342
21611
16308
16266
16057
16344
16409
16247
16147
16330
21361
16318
16302
16411
16553
16459
16276
21345
16199
16219
16396
16364
16341
16347
16338
16471
21525
16406
16454
16407
16510
16541
16506
21259
16466
16443
16413
16420
16489
16279
16418
16207
21613
16137
16577
16291
16357
16314
16153
21204
16309
16472
16491
16541
16321
16343
16396
16350
21333
16299
16320
16330
16527
16435
16395
21269
16105
16258
16518
16108
16448
16336
16579
16485
21402
16529
16530
16292
16313
16533
16317
21384
16591
16402
16420
16553
16616
16238
16298
16434
21198
16115
16258
16317
16005
16304
16299
21420
16501
16161
16370
16196
16273
16453
16287
16314
21277
16368
16427
16377
16433
16491
16446
21181
16118
16301
16251
16298
16230
16595
16167
16475
21579
16308
16484
16464
16661
16434
16175
21412
16364
16540
16536
16349
16423
16086
16413
16185
21320
16627
16464
16462
16256
16438
16296
21366
21388
21421
21244
21192
21292
21093
21193
21395
21156
16238
16279
16036
16565
16455
16395
21176
21134
21125
21311
21397
20996
21251
21166
21154
21424
16351
16008
16503
16323
16568
16234
21256
21240
21063
21359
21258
21222
21615
21611
21257
21048
21226
21545
21290
21158
21179
21354
21098
21471
16483
16244
16121
16633
16571
16386
21038
21309
21320
21498
21232
21452
21236
21240
21431
21228
16200
16567
16408
16469
16276
16290
21269
21501
21089
21047
21098
21285
21225
21551
21341
21170
16275
16435
16447
16565
16259
16647
21111
16312
16630
16286
16368
16268
16556
16208
16242
21211
16470
16426
16519
16414
16052
16407
21214
16167
16585
16532
16090
16277
16333
16564
16675
21343
16376
16310
16292
16202
16326
16482
21302
16455
16343
16446
16314
16551
16295
16257
16190
21275
16375
16245
16329
16487
16039
16605
20959
16483
16555
16511
16650
16440
16357
16356
16435
21103
16343
16203
16222
16278
16461
16395
21068
16273
16652
16252
16712
16380
16224
16472
16548
21134
16353
16699
16524
16623
16430
16421
21474
16414
16256
16547
16473
16615
16434
16443
16352
21323
16380
16182
16192
16309
16179
16595
21532
16368
16306
16407
16551
16334
16610
16390
16402
21198
16138
16349
16112
16464
16484
16349
21146
16444
16125
16258
16513
16531
16486
16351
16503
21208
16345
16399
16503
16176
16126
16316
21469
16462
16538
16354
16430
16272
16387
16323
16516
21368
16333
16328
16327
16580
16619
16515
21234
16258
16384
16356
16373
16668
16356
16504
16474
21338
16332
16206
16416
16421
16420
16360
21360
16271
16310
16272
16184
16479
16405
16364
16522
21562
16241
16468
16475
16361
16354
16315
21390
16510
16349
16334
16399
16291
16400
16506
16577
21461
16293
16371
16235
16265
16394
16164
21254
16401
16516
16424
16267
16453
16515
16331
16063
21346
16323
16496
16263
16395
16342
16328
21546
16362
16447
16205
16355
16264
16524
16426
16359
21415
16426
16430
16160
16375
16412
16483
21384
16316
16464
16188
16238
16725
16601
16335
16366
21221
16282
16474
16238
16262
16182
16303
21354
16432
16396
16467
16382
16572
16450
16392
16572
21474
16453
16323
16361
16415
16610
16280
21153
16092
16315
16295
16279
16408
16313
16029
16232
21331
16485
16341
16243
16422
16385
16464
21370
16219
16365
16298
16383
16325
16430
16358
16320
21170
16327
16470
16433
16312
16366
16376
21188
21188
21072
21198
21290
21303
21407
21298
21257
21466
16427
16407
16463
16183
16386
16376
21265
21450
21212
21705
21199
21351
21164
21367
20894
20946
16237
16279
16561
16541
16225
16382
21067
21274
21038
21136
21542
21445
21349
21115
21141
21470
16372
16272
16349
16293
16504
16338
21276
21402
16320
16660
16192
16447
16294
16289
21182
21293
21192
21506
21696
21153
21090
21591
21354
21508
16501
16354
16280
16253
16419
16467
21377
21388
21188
21401
21128
21235
21453
21270
21342
21060
16167
16144
16414
16457
16241
16328
21261
21420
21157
21465
21184
21402
21181
21439
21490
21449
16357
16469
16439
16450
16487
16421
21225
16416
16580
16510
16562
16581
16459
16494
16293
21449
16394
16292
16483
16207
16291
16597
21215
16507
16396
16242
16304
16469
16324
16261
16357
21137
16339
16109
16504
16281
16292
16577
21489
16436
16060
16318
16385
16337
16665
16406
16592
21258
16192
16326
16448
16368
16292
16193
21462
16316
16314
16413
16421
16215
16273
16287
16268
21262
16373
16386
16178
16448
16532
16425
21229
16423
16385
16348
16480
16518
16271
16174
16548
21380
16296
16238
16713
16532
16461
16538
21370
16240
16298
16589
16056
16423
16404
16363
16335
21052
16546
16586
16316
16418
16427
16314
21188
16468
16405
16479
16171
16373
16202
16547
16530
21222
16413
16320
16569
16274
16615
16561
21374
16475
16453
16509
16517
16533
16473
16441
16381
21440
16324
16523
16461
16359
16192
16436
21360
16356
16309
16445
16475
16190
16353
16405
16502
21115
16252
16207
16210
16256
16605
16424
21221
16516
16589
16539
16258
16339
16169
16337
16277
21627
16205
16368
16577
16248
16578
16599
21185
16144
16617
16524
16232
16349
16254
16467
16360
21236
16376
16437
16450
16555
16378
16201
21297
16493
16420
16334
16228
16632
16214
16485
16419
21395
16416
16579
16332
16584
16354
16296
21344
16526
16351
16366
16365
16331
16337
16194
16209
21087
16549
16411
16312
16368
16507
16291
21295
16600
16418
16333
16537
16388
16434
16189
16316
21176
16297
16546
16418
16441
16489
16311
21419
16666
16442
16460
16312
16252
16248
16413
16567
21152
16239
16453
16362
16260
16407
16362
21124
16272
16291
16163
16419
16560
16319
16363
16544
21325
16338
16500
16235
16396
16458
16222
20872
16446
16436
16397
16153
16391
16247
16380
16454
21391
16330
16382
16394
16213
16489
16381
21506
16429
16310
16350
16399
16439
16470
16380
16409
21093
16116
16407
16327
16115
16444
16086
21530
21118
21597
21240
21293
21459
21242
21279
21306
21476
16236
16474
16110
16357
16232
16649
21225
21234
21181
21344
21301
21418
21428
21119
21211
21157
16732
16318
16361
16220
16361
16447
21045
21238
21577
21422
21146
21204
21398
21559
21345
21400
21506
21358
21430
21376
21280
21587
21352
21176
16312
16316
16310
16578
16471
16298
21152
21439
21280
21241
21245
21503
21094
21488
21311
21396
16589
16428
16554
16522
16236
16548
21578
21110
21325
21137
21486
21348
21349
21182
21363
21276
16335
16389
16401
16282
16511
16287
21472
16472
16377
16376
16303
16429
16280
16298
16490
21349
16353
16591
16278
16394
16500
16388
21244
16339
16550
16435
16264
16338
16529
16204
16513
21205
16225
16407
16432
16333
16461
16455
21218
16388
16627
16571
16310
16348
16374
16587
16271
21290
16383
16399
16655
16597
16302
16439
21563
16290
16454
16380
16293
16397
16418
16470
16418
21621
16360
16464
16306
16488
16247
16389
21270
16207
16475
16475
16356
16216
16442
16400
16248
21040
16345
16354
16421
16506
16593
16532
21151
16423
16487
16470
16364
16346
16502
16484
16391
21293
16523
16173
16326
16276
16390
16328
21519
16423
16511
16360
16482
16453
16361
16445
16331
21394
16532
16337
16565
16373
16438
16313
21294
16285
16275
16363
16375
16324
16411
16321
16206
21130
16301
16227
16360
16283
16605
16301
21367
16574
16404
16394
16591
16290
16180
16415
16462
21233
16335
16198
16524
16444
16517
16169
21167
16535
16442
16340
16439
16421
16357
16261
16208
21246
16403
16658
16398
16543
16441
16583
21154
16415
16425
16214
16323
16245
16347
16287
16536
21715
16214
16344
16280
16259
16307
16273
21157
16553
16208
16375
16407
16493
16346
16319
16425
21440
16479
16388
16352
16389
16545
16442
21227
16327
16550
16330
16165
16385
16329
16509
16608
21154
16580
16362
16341
16465
16321
16398
21287
16347
16366
16272
16396
16688
16494
16182
16354
21467
16281
16368
16280
16371
16518
16362
21151
16524
16373
16465
16606
16403
16412
16158
16509
21178
16354
16196
16301
16328
16456
16351
21491
16447
16263
16238
16268
16369
16317
16359
16371
21243
16441
16522
16324
16465
16220
16497
21503
16335
16348
16335
16491
16399
16322
16065
16459
21079
16251
16297
16404
16478
16445
16408
21539
16466
16485
16245
16481
16505
16356
16496
16291
21224
16316
16537
16412
16392
16359
16516
20978
21181
21184
21001
21431
21194
21383
21306
21393
21346
16572
16367
16265
16376
16366
16378
21521
21324
21340
21179
21253
21425
21380
21579
21158
21347
16497
16173
16489
16341
16182
16377
21358
21224
21279
21181
21277
21395
21635
21319
21331
21273
16372
16368
16494
16440
16239
16544
21526
21248
16404
16374
16501
16390
16483
16258
21114
21344
21175
21217
21500
21247
21012
21452
21137
21520
16272
16322
16327
16354
16328
16380
21443
21333
21289
21401
21274
21222
21246
21208
21314
21634
16687
16286
16209
16706
16208
16133
21281
21296
21429
21370
21213
21266
21048
21425
21261
21362
16313
16275
16309
16556
16317
16294
21223
16330
16462
16293
16258
16477
16119
16420
16453
21028
16606
16641
16276
16542
16388
16384
21108
16428
16249
16264
16608
16109
16363
16208
16181
21187
16197
16367
16386
16343
16451
16378
21327
16380
16472
16167
16516
16381
16185
16354
16509
21192
16410
16362
16382
16292
16156
16343
21354
16269
16398
16449
16445
16395
16377
16449
16277
21404
16464
16346
16038
16278
16249
16331
21353
16474
16556
16281
16456
16487
16566
16711
16404
21226
16382
16205
16277
16230
16176
16441
21504
16243
16407
16424
16458
16527
16372
16139
16448
21442
16255
16385
16392
16510
16310
16520
21195
16414
16317
16142
16498
16464
16425
16425
16460
21183
16209
16122
16407
16306
16372
16556
21136
16090
16563
16207
16194
16459
16267
16511
16348
21344
16489
16335
16466
16347
16520
16508
21297
16226
16474
16508
16379
16317
16571
16316
16471
21258
16306
16412
16091
16440
16388
16365
21184
16643
16559
16357
16471
16358
16425
16615
16283
21302
16365
16281
16503
16466
16409
16240
21234
16621
16421
16490
16495
16347
16674
16232
16415
21421
16291
16264
16198
16430
16274
16477
21098
16576
16329
16556
16470
16581
16625
16614
16329
21343
16208
16475
16529
16365
16534
16564
21556
16457
16421
16603
16269
16313
16306
16366
16566
21453
16358
16453
16379
16387
16527
16473
21396
16196
16347
16520
16478
16435
16391
16455
16495
21276
16342
16304
16305
16675
16305
16339
21425
16354
16379
16466
16177
16382
16426
16239
16171
21549
16095
16319
16416
16478
16380
16321
21262
16366
16314
16357
16401
16295
16247
16393
16285
21290
16401
16387
16381
16354
16320
16183
21542
16161
16535
16274
16370
16659
16374
16329
16413
21305
16463
16552
16260
16322
16369
16435
21122
16194
16626
16386
16281
16434
16363
16539
16300
21250
16278
16227
16163
16169
16287
16545
21135
21376
21308
21278
21350
21249
21255
21139
21034
21265
16422
16428
16436
16458
16465
16366
21291
21306
21202
21388
21262
21229
21457
21208
21266
21473
16319
16473
16396
16373
16318
16409
21322
21236
21358
21452
21130
21033
21402
21442
21438
21037
21184
21020
21297
21273
21282
21273
21181
21235
16646
16362
16292
16229
16333
16468
21150
21388
21409
21452
21112
21336
21170
21538
21200
21528
16281
16431
16441
16287
16310
16455
21186
21352
21279
21225
21330
21410
21372
21325
21258
21302
16473
16286
16352
16419
16112
16244
21228
16233
16390
16338
16318
16427
16471
16285
16288
21112
16665
16536
16626
16204
16520
16386
21630
16634
16492
16284
16279
16471
16508
16482
16327
21199
16324
16418
16429
16381
16449
16357
21421
16336
16357
16248
16422
16457
16374
16485
16235
21530
16323
16699
16167
16237
16458
16538
21261
16437
16498
16549
16176
16436
16354
16457
16245
21195
16108
16330
16362
16416
16093
16064
21039
16344
16399
16474
16268
16439
16243
16497
16390
21196
16552
16214
16359
16398
16251
16383
21409
16318
16344
16356
16501
16374
16580
16561
16387
21374
16377
16174
16262
16477
16596
16349
21259
16355
16402
16300
16474
16260
16133
16459
16471
21189
16378
16452
16159
16408
16603
16464
20901
16578
16428
16336
16538
16341
16422
16509
16371
21185
16448
16302
16533
16208
16381
16253
21283
16299
16367
16248
16660
16461
16506
16252
16470
21086
16510
16382
16256
16271
16372
16355
21336
16553
16333
16713
16299
16357
16294
16605
16615
20877
16323
16250
16442
16336
16250
16209
21222
16059
16587
16429
16420
16415
16411
16419
16262
21302
16176
16283
16318
16426
16390
16325
21535
16388
16549
16618
16174
16347
16511
16491
16468
21155
16344
16330
16647
16343
16514
16523
21312
16343
16383
16387
16466
16312
16253
16182
16535
21336
16296
16333
16598
16465
16401
16601
21360
16224
16303
16086
16483
16197
16477
16393
16251
21322
16247
16168
16288
16486
16556
16405
21117
16426
16702
16120
16113
16405
16431
16495
16194
21264
16300
16301
16441
16360
16469
16353
21418
16785
16374
16403
16558
16348
16390
16379
16284
21103
16504
16409
16536
16350
16334
16431
21358
16437
16130
16333
16395
16461
16444
16382
16434
21457
16235
16216
16507
16379
16448
16434
21116
16419
16603
16374
16283
16259
16398
16514
16555
21283
16514
16310
16489
16270
16607
16426
21177
21322
21355
21393
21037
21078
21535
21448
21221
21387
16455
16328
16178
16396
16464
16184
21538
21309
21354
21232
21516
21423
20969
21427
21392
21604
16368
16594
16505
16380
16359
16365
21299
21302
21042
21242
21185
21208
21470
21393
21315
21312
16420
16488
16387
16322
16481
16269
21568
21528
16629
16258
16517
16270
16145
16490
21314
21215
21073
21455
21234
21212
21237
21155
21383
21201
16610
16536
16278
16242
16400
16272
21332
21322
21129
20943
21365
21351
21498
20956
21356
21075
16297
16160
16462
16251
16703
16298
21118
21452
21535
21354
21094
21278
21359
21254
21289
21106
16350
16508
16319
16346
16320
16365
21290
16388
16267
16448
16285
16240
16097
16398
16549
21512
16515
16256
16511
16432
16595
16452
21136
16319
16227
16135
16358
16255
16314
16203
16579
21387
16246
16391
16279
16309
16125
16514
21421
16293
16237
16428
16124
16498
16383
16409
16514
21281
16427
16260
16224
16258
16439
16539
21019
16435
16481
16336
16546
16300
16425
16511
16460
21335
16413
16353
16341
16372
16450
16296
21329
16493
16307
16357
16309
16317
16395
16301
16497
21251
16282
16477
16374
16347
16388
16392
21539
16284
16251
16291
16522
16325
16389
16305
16358
21429
16509
16322
16419
16265
16283
16389
21226
16299
16433
16447
16531
16422
16412
16261
16306
21388
16149
16545
16301
16475
16486
16330
21158
16165
16449
16560
16480
16399
16515
16404
16410
21564
16540
16539
16197
16301
16469
16394
21334
16346
16343
16322
16601
16480
16078
16417
16284
21203
16247
16378
16375
16462
16450
16508
21182
16472
16240
16359
16323
16344
16478
16516
16589
20893
16125
16526
16280
16470
16434
16574
21259
16412
16379
16365
16329
16160
16311
16362
16251
21418
16192
16435
16485
16469
16362
16234
21334
16526
16339
16094
16403
16495
16283
16534
16438
21356
16300
16243
16261
16412
16307
16456
21460
16280
16296
16324
16394
16289
16459
16516
16380
21058
16301
16445
16330
16243
16303
16421
21287
16538
16108
16413
16164
16356
16458
16615
16366
21439
16510
16599
16228
16275
16248
16325
21477
16555
16332
16281
16363
16266
16354
16308
16678
21256
16203
16230
16537
16490
16330
16444
21115
16416
16355
16442
16141
16320
16454
16371
16278
21257
16270
16327
16455
16569
16120
16429
21359
16375
16556
16252
16452
16318
16404
16355
16433
20995
16431
16512
16217
16245
16124
16365
21268
16432
16464
16348
16571
16415
16235
16512
16659
21251
16450
16252
16334
16503
16156
16420
21252
21109
21141
21269
21262
21338
21308
21371
21448
21195
16161
16395
16554
16641
16272
16268
21271
21384
21208
21153
21034
21189
20756
20945
21283
21310
16411
16366
16367
16360
16415
16311
21345
21392
21266
21389
21577
21242
21177
21425
21305
21476
21335
21380
21177
21369
21423
21375
21386
21197
16242
16394
16345
16286
16202
16536
21210
21484
21376
21281
21380
21162
21416
21163
21226
21258
16335
16456
16410
16294
16193
16338
21516
21302
21187
21156
21378
21406
21661
21434
21325
21443
16286
16459
16500
16311
16321
16232
20924
16485
16478
16126
16440
16463
16310
16527
16442
21463
16361
16543
16324
16559
16346
16424
21217
16380
16413
16394
16402
16360
16352
16399
16292
21240
16622
16505
16162
16224
16556
16341
21369
16243
16376
16274
16477
16305
16360
16627
16084
21500
16421
16216
16315
16203
16434
16372
21379
16593
16329
16183
16337
16289
16530
16267
16372
21275
16368
16280
16457
16324
16635
16526
21246
16324
16648
16407
16431
16268
16270
16636
16484
21425
16472
16378
16422
16132
16442
16348
21366
16321
16645
16290
16419
16689
16466
16341
16297
21640
16081
16297
16397
16258
16043
16418
21407
16347
16276
16267
16507
16702
16335
16289
16586
21067
16172
16272
16171
16561
16213
16326
21370
16288
16365
16506
16402
16179
16505
16458
16403
21283
16290
16324
16435
16177
16375
16507
21106
16289
16202
16294
16354
16354
16456
16394
16397
21370
16495
16414
16373
16461
16388
16442
21218
16394
16279
16441
16316
16210
16397
16438
16449
21279
16367
16179
16388
16499
16327
16498
21208
16351
16417
16370
16235
16710
16400
16377
16446
20993
16312
16235
16662
16357
16160
16469
21437
16315
16429
16460
16265
16366
16379
16459
16309
21229
16389
16257
16551
16186
16326
16551
21363
16395
16211
16454
16422
16288
16464
16199
16501
21230
16484
16490
16391
16391
16409
16417
21444
16310
16135
16561
16403
16724
16211
16462
16207
21251
16157
16334
16566
16259
16484
16379
21296
16350
16246
16503
16506
16288
16230
16242
16528
20886
16465
16509
16342
16424
16144
16381
21317
16356
16520
16236
16367
16117
16316
16737
16321
21289
16349
16529
16234
16437
16400
16324
21250
16250
16411
16376
16373
16553
16375
16316
16511
21334
16358
16401
16516
16478
16454
16402
21111
16479
16255
16449
16508
16239
16439
16122
16552
21477
16176
16438
16147
16612
16320
16471
21666
21344
21357
21246
21382
21280
21109
21148
21408
21255
16522
16399
16297
16387
16562
16485
21183
21453
21415
21155
21137
21422
21120
21183
21291
21304
16379
16346
16139
16542
16260
16167
21242
21439
21331
21392
21596
21338
21252
21241
21242
21497
16383
16090
16368
16346
16370
16462
21089
21446
16223
16487
16512
16398
16387
16311
21222
21273
21305
21395
21394
21166
21460
21207
21564
21328
16370
16407
16380
16251
16142
16365
21243
21309
21467
21525
21266
21254
21290
21293
21284
21328
16346
16436
16360
16119
16521
16560
21008
21442
21096
21144
21144
21407
21122
21158
21399
21639
16353
16558
16372
16329
16531
16390
21100
16410
16476
16419
16366
16522
16574
16236
16091
21101
16521
16239
16398
16392
16484
16391
21450
16329
16563
16305
16416
16236
16485
16339
16654
21173
16348
16387
16199
16359
16495
16331
21151
16287
16399
16632
16202
16362
16304
16373
16589
21016
16251
16436
16486
16681
16359
16370
21463
16216
16517
16325
16282
16376
16479
16535
16327
21511
16265
16243
16233
16440
16451
16550
21213
16314
16318
16559
16590
16446
16352
16706
16208
21118
16468
16486
16388
16350
16264
16506
21194
16255
16577
16265
16475
16299
16410
16487
16308
21304
16106
16473
16554
16344
16349
16309
21149
16210
16574
16479
16279
16275
16319
16326
16536
21485
16404
16377
16469
16452
16332
16282
21221
16426
16443
16316
16524
16286
16413
16317
16368
21255
16349
16360
16607
16247
16459
16208
21342
16279
16231
16380
16472
16399
16240
16255
16445
21304
16258
16277
16439
16034
16328
16288
21568
16212
16367
16253
16381
16351
16342
16152
16469
21403
16474
16425
16341
16413
16324
16280
21381
16483
16490
16313
16445
16646
16300
16340
16655
21352
16197
16421
16341
16228
16543
16454
21394
16418
16254
16271
16340
16548
16445
16314
16514
21425
16443
16493
16354
16915
16419
16414
21311
16422
16256
16390
16097
16230
16422
16575
16556
21313
16327
16444
16255
16512
16179
16265
21115
16343
16069
16214
16390
16348
16648
16352
16222
21422
16408
16314
16364
16558
16301
16457
21340
16683
16306
16392
16031
16281
16347
16574
16136
21459
16539
16412
16714
16437
16211
16543
21299
16114
16245
16465
16438
16350
16415
16310
16321
21178
16689
16158
16378
16143
16480
16410
21412
16383
16393
16380
16444
16366
16574
16373
16431
21297
16508
16546
16598
16543
16075
16280
21169
16316
16302
16355
16471
16352
16601
16647
16250
21298
16298
16251
16242
16499
16447
16379
21368
21323
21396
21145
21258
21044
21298
21197
21043
21347
16519
16331
16349
16468
16442
16064
21464
21373
21444
21250
21289
21023
21229
21078
21389
21421
16271
16474
16553
16517
16298
16349
21171
21382
21285
21523
21559
21202
21459
21016
21241
21329
21305
21261
21288
20903
21228
21318
21305
21221
16542
16501
16350
16157
16280
16381
21167
21125
21138
21159
21037
21284
21387
21185
21338
21099
16550
16193
16416
16288
16044
16587
21200
21083
21449
21305
21489
21304
21301
21063
21100
21217
16027
16328
16239
16405
16641
16266
21100
16243
16512
16388
16412
16379
16225
16360
16129
21125
16417
16356
16570
16460
16599
16527
21309
16381
16514
16494
16502
16366
16303
16343
16410
21210
16411
16496
16221
16314
16577
16324
21595
16299
16381
16365
16309
16376
16398
16430
16338
21358
16236
16400
16209
16377
16327
16155
21098
16267
16289
16274
16142
16208
16400
16511
16293
21344
16310
16412
16447
16372
16434
16270
21422
16427
16399
16499
16427
16242
16345
16387
16339
21498
16370
16472
16288
16192
16234
16535
21163
16169
16556
16514
16250
16198
16321
16438
16313
21269
16518
16394
16323
16407
16349
16081
21259
16305
16370
16316
16346
16563
16276
16120
16358
21247
16533
16391
16301
16450
16207
16484
21347
16232
16285
16349
16326
16459
16501
16604
16564
21309
16391
16418
16400
16427
16547
16229
21361
16293
16454
16496
16483
16439
16243
16551
16160
21344
16254
16126
16298
16441
16212
16427
21212
16455
16242
16410
16439
16211
16349
16489
16144
21021
16363
16310
16506
16548
16398
16324
21041
16130
16652
16238
16436
16561
16557
16425
16145
21626
16220
16200
16183
16471
16455
16290
21215
16207
16210
16430
16441
16525
16435
16312
16398
21317
16510
16293
16456
16443
16176
16203
21354
16583
16381
16586
16155
16366
16534
16621
16302
21371
16556
16667
16451
16491
16554
16428
21361
16271
16395
16489
16231
16412
16367
16323
16258
21338
16366
16359
16407
16436
16533
16401
21128
16363
16266
16217
16329
16382
16379
16332
16274
21263
16433
16270
16527
16645
16604
16300
21515
16286
16353
16387
16466
16245
16523
16221
16214
21345
16522
16513
16306
16647
16254
16393
21467
16250
16110
16252
16299
16421
16539
16372
16258
21219
16248
16367
16592
16431
16307
16575
21028
16418
16536
16353
16522
16339
16588
16440
16380
21351
16323
16488
16431
16481
16405
16334
21230
21402
21219
21485
21137
21272
21468
21200
21456
21312
16417
16424
16379
16448
16421
16213
21188
21441
21388
21399
21215
21301
21716
21264
21212
21432
16327
16718
16415
16380
16388
16284
21067
21193
21258
21209
21233
21375
21109
21297
21297
21547
16461
16306
16443
16447
16437
16351
21228
21548
16377
16429
16380
16608
16236
16379
21260
21279
21251
21201
21557
21605
21290
21289
21326
21437
16572
16182
16532
16374
16268
16399
21275
21470
21400
21547
21266
21161
21274
21308
21186
21220
16345
16508
16185
16374
16331
16502
21421
21366
21288
21213
21100
21376
21233
21235
21328
21378
16268
16549
16353
16373
16199
16470
21049
16429
16350
16287
16355
16462
16186
16615
16519
21180
16449
16475
16272
16471
16476
16308
21453
16458
16142
16210
16366
16305
16413
16474
16242
21556
16288
16558
16257
16444
16298
16319
21477
16543
16384
16381
16411
16440
16309
16329
16310
21251
16324
16405
16283
16300
16515
16302
21392
16305
16367
16341
16094
16703
16640
16459
16366
21400
16102
16440
16489
16537
16273
16410
21498
16371
16556
16503
16521
16585
16299
16303
16213
21339
16608
16241
16305
16196
16546
16226
21383
16430
16613
16294
16525
16517
16484
16522
16433
21383
16389
16450
16411
16539
16500
16576
21193
16298
16417
16415
16592
16497
16223
16422
16543
21498
16394
16299
16197
16500
16262
16373
21383
16323
16296
16482
16433
16296
16343
16207
16440
21266
16480
16532
16354
16354
16151
16193
21151
16420
16421
16799
16412
16335
16458
16359
16411
21469
16615
16525
16272
16303
16193
16294
21456
16286
16540
16286
16643
16561
16501
16146
16337
21043
16327
16322
16379
16494
16276
16548
21366
16470
16288
16154
16408
16580
16169
16313
16275
21023
16425
16497
16451
16523
16439
16238
21400
16262
16314
16480
16345
16374
16510
16506
16308
21248
16529
16410
16507
16231
16234
16391
21155
16792
16304
16501
16681
16375
16410
16222
16293
21174
16379
16161
16520
16389
16286
16432
21231
16377
16474
16510
16548
16516
16309
16377
16241
21452
16508
16465
16392
16215
16474
16540
21325
16302
16382
16652
16420
16394
16415
16418
16497
21286
16458
16295
16459
16403
16435
16296
21436
16370
16406
16547
16597
16166
16284
16400
16354
21290
16602
16341
16430
16360
16412
16287
21289
16340
16326
16283
16398
16158
16384
16466
16165
21658
16548
16322
16316
16463
16245
16403
21489
16352
16366
16324
16495
16264
16491
16379
16337
21620
16599
16401
16376
16364
16430
16495
21190
21070
21122
21562
21159
21211
21241
21357
21118
21261
16400
16602
16227
16491
16099
16307
21426
21422
21167
21312
21380
21188
21455
21362
21025
21408
16276
16337
16327
16548
16346
16375
21338
20930
21542
21358
20987
21034
21259
21214
21220
21056
21397
21424
21178
21053
21568
21077
21172
21169
16397
16526
16014
16279
16559
16368
21375
21272
21290
21275
21337
21466
21345
21286
21252
21352
16353
16416
16355
16428
16431
16288
21384
21355
21349
21311
21326
21386
21428
21290
21474
21289
16392
16280
16424
16295
16376
16336
21500
16586
16423
16267
16466
16315
16332
16486
16501
21196
16199
16293
16403
16469
16551
16320
21205
16455
16379
16388
16351
16171
16425
16432
16395
21212
16433
16456
16545
16508
16574
16369
21395
16434
16348
16539
16289
16253
16512
16330
16346
21330
16462
16357
16330
16344
16398
16269
21307
16235
16392
16407
16491
16423
16422
16500
16321
21280
16489
16431
16455
16464
16342
16491
21162
16339
16419
16289
16276
16292
16382
16494
16517
21186
16338
16489
16689
16440
16340
16246
21466
16452
16534
16491
16496
16342
16407
16373
16506
21366
16396
16503
16342
16309
16440
16417
21284
16307
16494
16311
16336
16331
16303
16214
16454
21236
16545
16490
16370
16450
16507
16447
21589
16297
16422
16004
16407
16538
16496
16447
16494
21195
16169
16292
16314
16406
16251
16345
21135
16438
16296
16332
16251
16476
16642
16515
16492
21256
16488
16545
16470
16258
16296
16377
20912
16516
16446
16127
16270
16423
16360
16188
16274
21381
16291
16461
16216
16246
16105
16264
21078
16360
16505
16177
16325
16270
16524
16443
16471
21491
16257
16446
16154
16426
16331
16265
21301
16312
16448
16305
16220
16307
16535
16276
16112
20983
16527
16362
16119
16508
16640
16690
21249
16397
16602
16397
16281
16509
16458
16546
16146
21328
16140
16486
16213
16253
16322
16177
21285
16193
16396
16455
16544
16440
16435
16414
16613
21169
16563
16333
16235
16571
16481
16480
21285
16505
16538
16380
16461
16279
16298
16440
16285
21406
16355
16322
16405
16480
16319
16210
21417
16477
16477
16366
16195
16418
16184
16335
16324
21304
16335
16431
16311
16195
16255
16492
21256
16191
16582
16573
16446
16332
16140
16342
16450
21336
16317
16567
16661
16118
16312
16412
21164
16311
16346
16347
16243
16426
16302
16264
16549
21461
16396
16484
16581
16362
16346
16476
21222
21404
21427
21387
21107
21568
21429
21439
21143
21076
16400
16380
16351
16365
16447
16442
21281
20945
21363
21472
21354
21283
21205
21288
21161
21111
16250
16434
16347
16421
16439
16587
20980
21139
21284
21334
21415
21347
21385
21142
21497
21420
16413
16356
16497
16258
16655
16569
21392
21470
16490
16339
16412
16276
16351
16231
21217
21458
21336
21321
21286
21341
21324
21139
21224
21276
16337
16340
16416
16489
16219
16306
21124
21086
21175
21292
21350
21238
21386
21450
21328
21415
16653
16306
16266
16501
16315
16322
21364
21169
21008
21238
21316
21084
21363
21353
21504
21463
16570
16364
16670
16487
16296
16533
21337
16492
16625
16383
16246
16456
16328
16094
16247
21351
16470
16144
16447
16497
16595
16156
21011
16157
16389
16396
16530
16413
16407
16523
16366
21243
16348
16348
16715
16389
16434
16412
21526
16128
16490
16274
16347
16303
16251
16547
16101
21212
16486
16308
16433
16238
16293
16229
21109
16437
16522
16281
16596
16190
16329
16096
16324
21325
16619
16357
16271
16254
16171
16413
21329
16488
16244
16588
16548
16257
16572
16407
16229
21391
16365
16232
16424
16519
16396
16216
21150
16277
16457
16356
16163
16492
16436
16293
16368
21377
16265
16212
16675
16310
16346
16410
21260
16243
16458
16439
16579
16237
16323
16438
16300
21115
16476
16452
16439
16297
16481
16430
21193
16444
16500
16332
16382
16342
16386
16197
16327
21188
16345
16447
16253
16341
16405
16390
21485
16495
16604
16252
16282
16327
16295
16365
16565
21225
16533
16546
16430
16309
16531
16263
21239
16429
16251
16405
16373
16424
16424
16549
16419
21204
16337
16305
16688
16427
16197
16417
21163
16334
16415
16512
16556
16431
16520
16353
16353
21297
16222
16709
16284
16420
16510
16314
21489
16334
16438
16250
16110
16363
16269
16369
16466
21221
16275
16417
16373
16356
16340
16372
21217
16175
16324
16260
16162
16238
16516
16222
16452
21434
16455
16475
16424
16477
16375
16402
21338
16552
16553
16439
16420
16351
16299
16517
16272
21308
16380
16312
16320
16328
16367
16204
21188
16509
16323
16379
16574
16532
16238
16566
16382
21439
16313
16507
16334
16408
16540
16415
21136
16252
16591
16308
16250
16381
16403
16306
16427
21275
16401
16444
16328
16422
16415
16359
21479
16511
16398
16301
16401
16331
16352
16385
16546
21258
16292
16246
16491
16141
16458
16503
21343
16408
16531
16435
16315
16305
16262
16132
16411
20890
16401
16478
16643
16225
16544
16369
21226
21107
21536
21215
21382
21295
21146
21100
21205
21223
16478
16545
16299
16288
16372
16575
21376
21524
21451
21215
21281
21144
21010
21213
21423
21119
16299
16526
16379
16406
16448
16393
21296
21196
21324
21577
21301
21358
21389
21209
21637
21653
21106
21297
21282
21351
21335
21210
21126
21013
16349
16439
16281
16226
16392
16384
21450
21189
21515
21556
21239
21244
21434
21041
20913
21266
16292
16417
16073
16173
16344
16385
21251
21305
21338
21315
21273
21144
21462
21237
21340
21394
16499
16413
16421
16477
16374
16278
21200
16336
16292
16403
16517
16612
16474
16243
16345
21225
16387
16609
16345
16329
16262
16365
21228
16316
16387
16627
16268
16556
16364
16366
16477
21315
16482
16254
16350
16349
16417
16272
21323
16268
16411
16365
16486
16233
16446
16358
16269
21431
16204
16317
16368
16521
16265
16443
21231
16373
16350
16417
16352
16409
16375
16243
16376
21123
16604
16257
16336
16369
16586
16413
21452
16281
16699
16543
16617
16401
16365
16441
16365
21490
16425
16504
16282
16293
16345
16387
21202
16433
16267
16344
16270
16500
16311
16495
16570
21311
16434
16354
16306
16224
16452
16210
21340
16527
16609
16553
16543
16465
16151
16441
16394
20959
16658
16454
16404
16502
16367
16262
21203
16464
16356
16362
16286
16543
16314
16339
16494
20972
16487
16455
16152
16411
16548
16530
21132
16258
16346
16332
16429
16370
16390
16405
16536
21272
16439
16499
16198
16391
16523
16383
21146
16570
16149
16224
16418
16491
16280
16379
16531
21249
16425
16325
16145
16334
16413
16136
21309
16436
16400
16450
16536
16360
16112
16356
16317
21430
16209
16298
16394
16216
16460
16475
21197
16297
16424
16330
16193
16606
16276
16173
16331
21038
16498
16418
16534
16431
16458
16362
21434
16403
16374
16484
16513
16254
16323
16493
16368
21466
16432
16530
16364
16323
16197
16569
21189
16242
16344
16555
16336
16220
16262
16451
16410
21451
16426
16542
16301
16269
16484
16385
21219
16161
16185
16468
16356
16351
16420
16588
16393
21198
16456
16134
16091
16408
16396
16465
21198
16542
16247
16202
16428
16449
16516
16402
16199
21369
16493
16498
16467
16331
16283
16494
21121
16485
16451
16345
16281
16396
16625
16242
16510
21458
16325
16197
16608
16307
16302
16621
21195
16243
16480
16546
16479
16390
16359
16438
16324
21330
16425
16151
16540
16468
16601
16198
21622
21336
21279
21248
21392
21367
21435
21130
21116
21147
16262
16435
16349
16224
16414
16317
21219
21169
21043
21140
21336
21310
21120
21251
21258
21428
16465
16381
16353
16385
16126
16365
21131
21140
21217
21009
21247
21150
21435
21182
21322
21254
16339
16375
16410
16650
16291
16666
21218
21282
16360
16255
16475
16266
16224
16177
21166
21193
21512
21483
21304
21226
21180
21402
21647
21188
16518
16568
16436
16524
16392
16035
21312
21460
21299
21483
21427
21336
21335
21041
21490
21159
16525
16427
16355
16213
16514
16451
21288
21393
21329
21362
21367
21378
21166
21411
21240
21265
16325
16342
16545
16352
16541
16524
21051
16112
16291
16595
16255
16516
16561
16636
16266
21261
16476
16428
16325
16313
16731
16533
21094
16395
16296
16283
16308
16424
16440
16530
16501
21417
16294
16156
16381
16538
16338
16515
21241
16439
16309
16405
16570
16196
16475
16326
16351
21357
16313
16336
16516
16475
16193
16548
21233
16466
16431
16086
16284
16466
16485
16384
16318
21100
16106
16441
16291
16371
16403
16528
21353
16466
16353
16334
16479
16436
16377
16281
16458
21402
16262
16561
16313
16199
16239
16377
20950
16228
16378
16418
16437
16351
16531
16297
16440
21358
16299
16488
16132
16272
16547
16426
21513
16534
16495
16403
16142
16201
16367
16677
16413
21240
16434
16282
16283
16503
16333
16302
21677
16321
16335
16081
16305
16417
16206
16341
16415
21458
16352
16351
16368
16485
16380
16480
21357
16502
16239
16316
16520
16547
16271
16518
16533
21193
16514
16340
16395
16216
16361
16050
21314
16408
16335
16548
16332
16199
16440
16230
16305
21460
16139
16442
16440
16443
16228
16603
21390
16444
16268
16350
16283
16318
16315
16301
16429
21367
16538
16253
16472
16387
16210
16316
21225
16206
16421
16446
16331
16315
16576
16569
16273
21432
16318
16169
16495
16290
16198
16305
21458
16476
16520
16385
16402
16301
16090
16414
16378
21607
16477
16377
16352
16226
16204
16299
21037
16370
16680
16276
16200
16389
16206
16242
16178
21165
16387
16350
16440
16498
16173
16301
21247
16295
16544
16306
16268
16559
16173
16396
16281
21365
16443
16463
16251
16543
16305
16310
21106
16303
16225
16309
16668
16321
16375
16369
16534
21402
16512
16473
16172
16219
16154
16476
21242
16166
16393
16624
16252
16469
16169
16274
16601
21236
16329
16247
16654
16412
16575
16350
21550
16279
16267
16313
16325
16310
16381
16111
16732
21223
16533
16336
16764
16308
16429
16341
21339
21104
21535
21188
21254
21464
21207
21027
21480
21661
16352
16450
16456
16345
16218
16247
21596
21423
21232
21599
21179
21210
21229
21042
21374
21491
16189
16151
16426
16356
16251
16252
21211
21367
21237
21243
21410
21446
21139
21171
21241
