1 1.0842
2 1.10541
3 1.08703
4 0.80704
5 0
6 0
7 1.20214
8 1.02871
9 0.944526
10 0.950582
11 0.946687
12 0.967367
13 0
14 0
15 1.05774
16 0.932644
17 1.10525
18 1.19148
19 1.25891
20 1.45003
21 0
22 0
23 1.05471
24 0.957894
25 0.887382
26 1.06345
27 0.956193
28 1.05496
29 0
30 0
31 1.13702
32 0.916161
33 0.862411
34 0.928146
35 0.859065
36 0.933677
37 0.863031
38 0.953332
39 1.01791
40 0.82191
41 1.23698
42 0.997218
43 0.949739
44 0.993062
45 1.09323
46 1.11534
47 1.06831
48 0.868101
49 0.94381
50 0.911885
51 0.866941
52 0.87864
53 0.919721
54 0.968241
55 0.97173
56 0.883202
57 0.920834
58 0.992672
59 0.923321
60 0.997179
61 0.878847
62 1.15714
63 1.81532
64 1.62198
65 0.831439
66 0.756938
67 0.74121
68 0.661853
69 0.728732
70 0.790994
71 0.82586
72 0.832647
73 1.0325
74 0.853319
75 0.98877
76 0.833347
77 0.839999
78 0.846166
79 0.875064
80 0.948754
81 1.08719
82 0.896689
83 0.939097
84 0.872679
85 0.816188
86 0.986394
87 0.838942
88 0.983596
89 1.07751
90 0.856919
91 0.974496
92 0.889075
93 0.911217
94 0.964196
95 0.87922
96 0.985837
97 0.0629371
98 0.0621185
99 0.778993
100 0.799315
101 0.874205
102 1.03263
103 0.893955
104 0.922487
105 1.322
106 0.885697
107 0.898247
108 0.913522
109 0.894797
110 0.992625
111 0.939312
112 1.09816
113 0.665151
114 0.911464
115 0.959173
116 0.885856
117 0.918744
118 0.947848
119 0.96356
120 0.838973
121 0.993388
122 0.828077
123 0.819454
124 0.859486
125 0.910828
126 0.89297
127 0.921589
128 1.1632
129 1.04904
130 1.08827
131 0
132 0
133 1.07649
134 1.05624
135 0
136 0
137 1.2394
138 1.20588
139 0
140 0
141 1.13277
142 1.11008
143 0
144 0
145 1.25997
146 1.2428
147 0
148 0
149 1.11464
150 1.12943
151 0
152 0
153 1.2189
154 1.207
155 0
156 0
157 1.05117
158 1.08351
159 0
160 0
161 1.19761
162 1.19382
163 1.18505
164 1.11682
165 1.13983
166 1.1863
167 1.22861
168 1.19259
169 1.21559
170 1.22733
171 1.1457
172 1.11657
173 1.14339
174 1.12502
175 1.22424
176 1.25486
177 1.2088
178 1.25445
179 1.23018
180 1.24008
181 1.09027
182 1.20003
183 1.2781
184 1.26338
185 0.971357
186 1.19739
187 1.1888
188 1.19109
189 1.13982
190 1.13393
191 1.28623
192 1.00191
193 1.34475
194 0.163101
195 0.313382
196 1.16666
197 0.987506
198 1.10436
199 1.10831
200 0
201 0.968814
202 1.02534
203 1.03402
204 1.04385
205 1.00304
206 0.99249
207 1.01815
208 0.90904
209 0.995963
210 1.06189
211 1.0616
212 1.03396
213 1.15024
214 1.10291
215 1.1008
216 0
217 0.906687
218 0.97963
219 1.00494
220 0.961979
221 1.07046
222 1.02508
223 1.02718
224 0.915191
225 0.904835
226 1.04757
227 1.03875
228 1.05104
229 0.973256
230 0.976062
231 0.941967
232 0
233 1.02898
234 0.982205
235 1.01425
236 1.04654
237 0.961383
238 1.01315
239 0.938533
240 0
241 0.887215
242 0.980385
243 0.972636
244 0.961192
245 0.948809
246 0.941529
247 0.973948
248 0
249 0.763916
250 0.927701
251 1.21102
252 1.17207
253 0.958037
254 1.06096
255 0.931929
256 0
257 0.960159
258 1.19151
259 1.04873
260 1.3052
261 1.13829
262 1.12874
263 0.99512
264 1.42783
265 0.938732
266 0.951822
267 0.934114
268 0.881724
269 0.912036
270 0.928988
271 0.943055
272 0.78214
273 0.870104
274 0.888122
275 0.923949
276 0.892493
277 0.901338
278 0.887668
279 0.878815
280 0.755738
281 0.950614
282 0.880166
283 0.844998
284 0.852135
285 0.849297
286 0.872655
287 0.893637
288 0.641348
289 0.881096
290 0.853398
291 0.839339
292 0.852691
293 0.817563
294 0.839673
295 0.809758
296 0.669578
297 0.845832
298 0.813756
299 0.839768
300 0.807771
301 0.805498
302 0.814558
303 0.798282
304 0.661495
305 0.779192
306 0.82311
307 0.819915
308 0.812134
309 0.816665
310 0.801485
311 0.808542
312 0.616496
313 1.13092
314 0.80429
315 0.946322
316 0.876272
317 0.630381
318 0.831153
319 0.802955
320 0.402467
321 0.720777
322 0.830581
323 0.896824
324 0.937691
325 0.872719
326 0.948714
327 0.931738
328 0.868149
329 1.31472
330 0.887295
331 0.901871
332 0.865344
333 0.871821
334 0.968957
335 0.927573
336 1.12339
337 1.12756
338 0.881795
339 0.91353
340 0.854209
341 0.890363
342 0.935362
343 0.850188
344 1.32531
345 1.10322
346 0.895942
347 0.915525
348 0.717987
349 0.690735
350 0.862951
351 0.780042
352 1.44495
353 0.116655
354 0.941704
355 0.955772
356 0.775011
357 0.888622
358 0.715786
359 1
360 1
361 0.133393
362 0.830334
363 0.854765
364 0.82795
365 0.61776
366 0.867839
367 0.788085
368 1
369 0.665445
370 0.94532
371 0.964275
372 0.65869
373 0.892803
374 1.10726
375 0.939423
376 1.01529
377 1.09871
378 0.937619
379 0.815409
380 0.89084
381 0.887335
382 0.998085
383 0.888082
384 0.0423687
385 1.02433
386 0.803583
387 0.731967
388 0.669729
389 0.627933
390 0.628155
391 0.617076
392 0.658714
393 0.938096
394 0.792814
395 0.710357
396 0.610257
397 0.616814
398 0.691537
399 0.693691
400 0.753457
401 1.06486
402 0.752209
403 0.795659
404 0.658134
405 0.666399
406 0.685418
407 0.767493
408 0.870708
409 1.09295
410 0.755253
411 0.774487
412 0.748331
413 0.725211
414 0.72696
415 0.766165
416 0.814813
417 0.944708
418 0.792242
419 0.814558
420 0.75205
421 0.764814
422 0.771006
423 0.791129
424 0.872624
425 1.00603
426 0.804703
427 0.791177
428 0.785462
429 0.734391
430 0.815409
431 0.784111
432 0.948007
433 0.993157
434 0.881295
435 0.846428
436 0.815663
437 0.815202
438 0.810545
439 0.863746
440 0.944216
441 0.897404
442 0.867625
443 0.882153
444 0.892922
445 0.836605
446 0.817722
447 0.881279
448 0.921168
449 0.079953
450 0.0614509
451 0.166296
452 0.608541
453 0.616353
454 0.551008
455 0.546525
456 0.0258615
457 0.668966
458 0.85529
459 0.848129
460 0.787934
461 0.793386
462 0.892779
463 0.913387
464 0.861425
465 0.688096
466 0.775472
467 0.913498
468 0.831272
469 0.804028
470 0.835143
471 0.788013
472 0.877964
473 0.772039
474 0.880762
475 0.846969
476 0.781131
477 0.861481
478 0.70353
479 0.745255
480 0.879999
481 0.880627
482 0.902777
483 0.937619
484 0.900019
485 0.886834
486 0.794157
487 0.948611
488 0.820607
489 0.854312
490 0.958625
491 0.934289
492 0.955485
493 0.787211
494 0.861346
495 0.919189
496 0.893955
497 0.833863
498 1.02664
499 0.962233
500 0.952171
501 0.971055
502 0.960206
503 0.987355
504 0.926055
505 0.0726968
506 1.11193
507 0.804091
508 0.154549
509 0.438327
510 0.0751208
511 0.0670858
512 0.811888
513 0.199231
514 2.98797
515 0.0369166
516 0.727174
517 0
518 0
519 0.0312977
520 0.276108
521 0.369667
522 0.206169
523 0.227874
524 0.483159
525 0
526 0
527 0.288737
528 0.0400321
529 1.47849
530 1.20155
531 0.527268
532 0.000111267
533 0
534 0
535 0.441712
536 0.213926
537 0.693699
538 2.71848
539 0.656806
540 1.07035
541 0
542 0
543 0.866488
544 0.157387
545 0.499189
546 1.15693
547 0.143383
548 1.19154
549 0.131088
550 0.0683097
551 0
552 0
553 0.673886
554 0.614152
555 1.41631
556 2.01044
557 1.31993
558 0.938931
559 0
560 0
561 0.699262
562 0.153691
563 0.486926
564 0.817626
565 0.2876
566 0.431301
567 0
568 0
569 0.351777
570 0.0661241
571 1.26491
572 1.41427
573 0.756008
574 0.690472
575 0
576 0
577 0
578 0
579 4.76857e-05
580 0.000476857
581 0.00313136
582 0.0167456
583 0
584 0
585 0
586 0
587 7.94761e-06
588 2.38428e-05
589 0.00655678
590 7.94761e-06
591 0
592 0
593 0
594 0
595 3.9738e-05
596 0
597 7.94761e-06
598 0.000492752
599 0
600 0
601 0
602 0
603 1.58952e-05
604 0
605 0.000262271
606 0.00019869
607 0
608 0
609 0.0717431
610 0.00985504
611 0.00393407
612 0.000158952
613 6.35809e-05
614 0.000468909
615 0.00219354
616 0.0559989
617 0.0213234
618 0.00151799
619 1.58952e-05
620 0.00112061
621 0
622 0
623 0.00377511
624 0.0398255
625 0.0140275
626 0.000254323
627 0.000238428
628 0
629 5.56333e-05
630 1.58952e-05
631 0.000961661
632 0.134259
633 0.110519
634 0.0552438
635 0.296597
636 0.0954508
637 0.023811
638 0.00019869
639 0.0535907
640 0.0752241
641 0.0217049
642 0.00481625
643 0.344998
644 0.00491162
645 0.0289214
646 0.0786575
647 0.0625238
648 3.49006
649 0.0559512
650 1.47336
651 0.243809
652 0.399971
653 0.944669
654 1.53692
655 0.381144
656 0.081455
657 0.0444748
658 4.561
659 0.0181682
660 0.0101491
661 0.0214665
662 0.00223328
663 1.13269
664 1.0137
665 0.0380293
666 0.618101
667 0.125167
668 0.0226825
669 0.0162688
670 0.0233898
671 0.1997
672 0.524502
673 0.655813
674 3.92625
675 0.00860726
676 0.0846579
677 0.0708529
678 0.101125
679 0.644551
680 0.0486155
681 5.93268
682 0.0566108
683 0.00227302
684 0.0404692
685 0.0901179
686 0.00237634
687 0.0416932
688 0.368372
689 0.529986
690 1.12184
691 0.244715
692 0.0258297
693 0.0031552
694 0.00893311
695 0.561356
696 0.0140355
697 0.522436
698 0.00925102
699 1.65017
700 1.97534
701 0.701909
702 3.05684
703 0.224925
704 0.00557922
705 0
706 0
707 0
708 0
709 0
710 0
711 0
712 0
713 0
714 0
715 0
716 0
717 0
718 0
719 0
720 0
721 0
722 0
723 0
724 0
725 0
726 0
727 0
728 0
729 0
730 0
731 0
732 0
733 0
734 0
735 0
736 0
737 0
738 0
739 0
740 0
741 0
742 0
743 0
744 0
745 0
746 0
747 0
748 0
749 0
750 0
751 0
752 0
753 0
754 0
755 0
756 0
757 0
758 0
759 0
760 0
761 0
762 0
763 0
764 0
765 0
766 0
767 0
768 0
769 0.978581
770 0.740248
771 0.900099
772 0.889536
773 1.08621
774 1.04699
775 1.05106
776 0.386357
777 0.995986
778 0.910907
779 0.888479
780 0.875461
781 0.943755
782 0.923671
783 0.927669
784 0.835127
785 0.952577
786 0.895147
787 0.916932
788 0.896975
789 0.975084
790 0.964101
791 0.951472
792 0.886524
793 0.937031
794 0.889361
795 0.896093
796 0.886413
797 0.946083
798 0.927089
799 0.955692
800 0.927804
801 0.906655
802 0.949771
803 0.943349
804 0.85231
805 0.954103
806 0.961557
807 0.960111
808 0.891817
809 1.00857
810 1.01221
811 1.08295
812 0.984868
813 0.926429
814 0.965325
815 0.970069
816 0.884839
817 1.02585
818 0.997616
819 1.02201
820 0.948921
821 0.960532
822 0.968543
823 0.966596
824 0.864771
825 1.03541
826 1.22525
827 1.19297
828 1.11968
829 1.07848
830 1.11844
831 1.02932
832 0.853073
833 1.04816
834 1.24915
835 0
836 0
837 1.13191
838 1.14058
839 1.11965
840 0.833092
841 1.39758
842 1.15457
843 0
844 0
845 1.0159
846 0.950542
847 1.07457
848 0.963044
849 1.5289
850 1.13245
851 0
852 0
853 1.00594
854 0.947045
855 0.984907
856 1.04149
857 1.4553
858 1.10171
859 0
860 0
861 0.922916
862 0.995295
863 1.00493
864 0.967876
865 1.19948
866 0.987594
867 1.0054
868 1.0499
869 0
870 0
871 1.04575
872 0.981204
873 1.24485
874 0.984645
875 1.00041
876 1.00155
877 0
878 0
879 1.10117
880 1.06654
881 1.17829
882 1.03906
883 1.03587
884 0.998983
885 0
886 0
887 1.04727
888 1.02468
889 0.816172
890 0.89773
891 0.910661
892 0.88472
893 0
894 0
895 0.859192
896 0.789198
897 0.762637
898 0.724782
899 0.77664
900 0.777658
901 0.732062
902 0.761166
903 0.685275
904 0.693644
905 0.955326
906 0.944708
907 0.951758
908 0.871336
909 0.867029
910 0.886651
911 0.788125
912 0.826297
913 1.06283
914 0.959205
915 0.970196
916 0.938223
917 0.910287
918 0.919546
919 0.850807
920 0.90838
921 0.903198
922 0.930053
923 0.927955
924 0.902602
925 0.861457
926 0.884577
927 0.769543
928 0.858723
929 0.838179
930 0.856816
931 0.919658
932 0.852858
933 0.902952
934 0.947379
935 0.823269
936 0.940313
937 0.943914
938 0.869953
939 0.928297
940 0.881811
941 0.90207
942 0.906782
943 0.791693
944 0.901561
945 0.979924
946 0.890697
947 0.812754
948 0.818135
949 0.820122
950 0.849099
951 0.84131
952 0.79341
953 0.808908
954 0.809106
955 0.757367
956 0.729924
957 0.687683
958 0.685481
959 0.769074
960 0.698587
961 1.01546
962 1.40749
963 1.49282
964 1.43262
965 1.64411
966 1.72563
967 1.5691
968 0.995065
969 1.21618
970 1.24177
971 1.2368
972 1.20736
973 1.36034
974 1.373
975 1.36255
976 1.07406
977 1.07805
978 1.18276
979 1.19133
980 1.12747
981 1.34319
982 1.36162
983 1.22726
984 0.982491
985 1.06181
986 1.17901
987 1.10653
988 1.16188
989 1.30179
990 1.28753
991 1.23065
992 1.00728
993 1.13544
994 1.23741
995 1.2491
996 1.29897
997 1.26903
998 1.20785
999 1.2504
1000 1.06482
1001 1.08912
1002 1.27896
1003 1.27172
1004 1.30886
1005 1.24505
1006 1.30247
1007 1.21275
1008 1.05796
1009 1.1353
1010 1.15844
1011 1.32077
1012 1.29772
1013 1.30611
1014 1.3335
1015 1.30225
1016 1.10221
1017 0.915501
1018 1.09059
1019 1.26529
1020 1.24474
1021 1.15796
1022 1.21719
1023 1.13491
1024 0.896347
1025 0.874555
1026 0.99977
1027 1.00768
1028 0.989732
1029 0.664865
1030 0.639083
1031 0.643828
1032 0.526958
1033 0.906997
1034 0.875286
1035 0.809655
1036 0.887549
1037 0.993125
1038 1.09025
1039 1.0183
1040 1.13906
1041 0.925491
1042 0.546319
1043 0.675285
1044 0.611712
1045 0.699946
1046 0.892493
1047 0.785248
1048 1.13817
1049 0.830589
1050 0.853231
1051 0.76731
1052 1.30158
1053 0.629991
1054 0.454111
1055 1.99069
1056 1.34322
1057 0.736282
1058 0.868499
1059 0.976865
1060 0.987451
1061 0.904406
1062 2.01205
1063 0.698682
1064 0.70845
1065 0.826798
1066 0.62535
1067 0.830557
1068 0.645235
1069 0.289062
1070 0.357253
1071 1.01028
1072 0.857889
1073 0.873546
1074 0.906322
1075 0.934083
1076 0.915676
1077 0.99539
1078 0.886627
1079 0.886055
1080 0.817451
1081 0.822204
1082 1.14515
1083 1.12919
1084 1.08986
1085 1.1577
1086 1.02089
1087 0.964824
1088 0.794038
1089 0.000453014
1090 0
1091 0
1092 0
1093 0
1094 0
1095 0
1096 8.74237e-05
1097 0
1098 0
1099 0
1100 0
1101 0
1102 0
1103 0
1104 7.94761e-06
1105 1.58952e-05
1106 0
1107 0
1108 0
1109 0
1110 0
1111 0
1112 0
1113 2.38428e-05
1114 0
1115 0
1116 0
1117 0
1118 0
1119 0
1120 2.38428e-05
1121 0
1122 0
1123 0
1124 0
1125 0
1126 0
1127 0
1128 0.000858342
1129 0
1130 0
1131 0
1132 0
1133 0
1134 0
1135 0
1136 0
1137 0
1138 0
1139 0
1140 0
1141 0
1142 0
1143 0
1144 0
1145 0.00287703
1146 0
1147 0
1148 0
1149 0
1150 0
1151 0
1152 0.00362411
1153 1.24135
1154 1.12312
1155 1.04039
1156 1.0262
1157 0.966874
1158 0.957957
1159 0.941752
1160 0.878902
1161 1.29425
1162 1.20177
1163 1.18556
1164 1.12281
1165 1.06848
1166 1.05619
1167 0.946274
1168 0.780646
1169 1.33668
1170 1.19118
1171 1.07338
1172 1.01571
1173 1.03151
1174 1.01273
1175 0.928837
1176 1.48222
1177 1.34005
1178 1.2185
1179 1.14558
1180 1.04517
1181 1.01575
1182 1.03898
1183 0.949906
1184 0.84247
1185 1.31569
1186 1.15502
1187 1.07658
1188 1.05203
1189 1.0794
1190 1.02231
1191 0.996702
1192 1.03617
1193 1.33858
1194 1.21535
1195 1.13024
1196 1.11268
1197 1.07113
1198 1.06763
1199 1.00136
1200 1.14169
1201 1.27785
1202 1.22312
1203 1.17667
1204 1.15561
1205 1.11098
1206 1.05523
1207 1.11654
1208 1.09594
1209 1.27268
1210 1.34345
1211 1.35737
1212 1.25233
1213 1.24146
1214 1.17184
1215 1.19859
1216 1.27584
1217 0.156528
1218 0.723018
1219 0.18816
1220 0.374221
1221 0.942308
1222 1.25825
1223 0.808343
1224 0.688223
1225 0.637939
1226 0.847732
1227 0.76785
1228 0.79922
1229 0.838377
1230 0.707083
1231 0.738492
1232 0.765824
1233 0.573293
1234 0.794991
1235 0.790016
1236 0.856053
1237 0.912099
1238 0.852786
1239 0.868467
1240 0.75426
1241 0.615805
1242 0.884664
1243 0.8932
1244 0.71573
1245 0.776593
1246 0.754713
1247 0.803416
1248 0.707067
1249 0.657673
1250 0.558653
1251 0.616488
1252 0.863023
1253 0.849901
1254 0.872338
1255 0.829023
1256 0.633115
1257 0.640577
1258 0.763964
1259 0.861481
1260 0.828212
1261 0.839275
1262 0.804513
1263 0.796303
1264 0.788307
1265 0.629006
1266 0.783483
1267 0.820948
1268 0.832019
1269 0.84956
1270 0.854893
1271 0.837726
1272 0.871352
1273 0.0299148
1274 0.886858
1275 0.22301
1276 0.316514
1277 0.201178
1278 0.127098
1279 0.695201
1280 0.932374
1281 0.056881
1282 1.21335
1283 0.473431
1284 1.26364
1285 0.0624841
1286 0.768963
1287 0.262382
1288 0.217804
1289 1.59522
1290 1.32696
1291 1.26686
1292 1.76988
1293 2.11338
1294 1.74253
1295 1.28421
1296 0.0199008
1297 2.5988
1298 1.72051
1299 1.82317
1300 2.25797
1301 2.5383
1302 2.38327
1303 1.42201
1304 2.6497
1305 2.03447
1306 1.22841
1307 2.05767
1308 1.43139
1309 1.97384
1310 1.90598
1311 0.749356
1312 4.03313
1313 1.88209
1314 1.46286
1315 1.26791
1316 1.47574
1317 2.28023
1318 1.97562
1319 1.53872
1320 2.28526
1321 2.31225
1322 1.69282
1323 1.38273
1324 1.56533
1325 2.1429
1326 1.90614
1327 2.04315
1328 2.31196
1329 1.94246
1330 1.16454
1331 1.18507
1332 1.1959
1333 1.79779
1334 1.42183
1335 1.31676
1336 1.73501
1337 1.84324
1338 1.55211
1339 1.34759
1340 1.56421
1341 2.26188
1342 1.86871
1343 1.65256
1344 2.88425
1345 1.98125
1346 1.09396
1347 1.22581
1348 1.18949
1349 1.03311
1350 0.977929
1351 1.39825
1352 1.68592
1353 1.61878
1354 0.893081
1355 0.924378
1356 0.859645
1357 0.794483
1358 0.854519
1359 1.10907
1360 1.77559
1361 1.70356
1362 0.889051
1363 0.843678
1364 0.854368
1365 0.846222
1366 0.999444
1367 1.12603
1368 2.50403
1369 1.71288
1370 0.912656
1371 0.975609
1372 0.968567
1373 1.14068
1374 1.26894
1375 1.42101
1376 2.48151
1377 1.29258
1378 1.69995
1379 1.2419
1380 1.72701
1381 1.41785
1382 1.43547
1383 1.99402
1384 2.48817
1385 3.18175
1386 1.87231
1387 1.47922
1388 1.34215
1389 1.07034
1390 1.31229
1391 1.43032
1392 3.16595
1393 2.24318
1394 1.86522
1395 1.77787
1396 1.31051
1397 1.55578
1398 1.23506
1399 1.85992
1400 2.17362
1401 1.68176
1402 1.69355
1403 2.3401
1404 1.81039
1405 1.53014
1406 1.19853
1407 1.58618
1408 2.65042
1409 3.04449
1410 1.47542
1411 1.44593
1412 1.44844
1413 1.04052
1414 0.928042
1415 0
1416 0
1417 2.07782
1418 1.24601
1419 1.25703
1420 0.97479
1421 0.891181
1422 0.911432
1423 0
1424 0
1425 1.37229
1426 1.64651
1427 1.12213
1428 1.11192
1429 0.92321
1430 0.931253
1431 0
1432 0
1433 2.12919
1434 1.34366
1435 0.995994
1436 1.08678
1437 0.915938
1438 0.90296
1439 0
1440 0
1441 189.414
1442 0
1443 1.0013
1444 1.05123
1445 0.939169
1446 0.939336
1447 0.970347
1448 1.21956
1449 0
1450 0
1451 0.91926
1452 0.940003
1453 0.920993
1454 0.954118
1455 0.981331
1456 1.52824
1457 0
1458 0
1459 0.924816
1460 0.933765
1461 0.993992
1462 0.997361
1463 1.00858
1464 1.05141
1465 0
1466 0
1467 1.05823
1468 0.977564
1469 0.95113
1470 0.951583
1471 0.947752
1472 0.951154
1473 0.036257
1474 0.195209
1475 1.92527
1476 0.914984
1477 2.24225
1478 1.43206
1479 3.47071
1480 2.42815
1481 3.81598
1482 1.55149
1483 1.76946
1484 1.85659
1485 2.07088
1486 1.64441
1487 1.71795
1488 2.18136
1489 2.96237
1490 1.27915
1491 1.91589
1492 2.16686
1493 0.535709
1494 2.40356
1495 2.07551
1496 1.84596
1497 2.04176
1498 1.87808
1499 0.170564
1500 0.710969
1501 1.69124
1502 2.06523
1503 1.35721
1504 1.97271
1505 3.54574
1506 2.40959
1507 2.06536
1508 1.78756
1509 2.03925
1510 1.79889
1511 1.60573
1512 2.20947
1513 3.47528
1514 2.05082
1515 3.80375
1516 1.93875
1517 3.04404
1518 1.97707
1519 1.64508
1520 1.57239
1521 1.65113
1522 1.36503
1523 1.81183
1524 1.53015
1525 1.74564
1526 1.33046
1527 1.27868
1528 1.27312
1529 1.12631
1530 1.54867
1531 1.59282
1532 1.99871
1533 1.86705
1534 1.69349
1535 1.50038
1536 1.41149
1537 0.87527
1538 0.936069
1539 0.94575
1540 0.978398
1541 0.960286
1542 1.05057
1543 1.0176
1544 0.774415
1545 1.12972
1546 1.08029
1547 1.06155
1548 1.02192
1549 1.05416
1550 1.10599
1551 1.03489
1552 0.932064
1553 1.02392
1554 0.998975
1555 0.955382
1556 0.946497
1557 1.0515
1558 1.06335
1559 1.08289
1560 0.918163
1561 1.05549
1562 0.998196
1563 0.999118
1564 0.9696
1565 1.01965
1566 1.05874
1567 0.995597
1568 0.93986
1569 1.0239
1570 1.0698
1571 0.960596
1572 0.990654
1573 0.915056
1574 0.930816
1575 0.986656
1576 0.905972
1577 0.976109
1578 1.01786
1579 1.11317
1580 1.04512
1581 0.957472
1582 0.96147
1583 0.989724
1584 0.827314
1585 1.0566
1586 1.18003
1587 1.11809
1588 1.0964
1589 1.00722
1590 1.03348
1591 1.04762
1592 0.789929
1593 0.973773
1594 1.14256
1595 1.18574
1596 1.11878
1597 1.01313
1598 1.01111
1599 0.984423
1600 0.716731
1601 1.24448
1602 1.11184
1603 1.04014
1604 1.09063
1605 1.21435
1606 1.37063
1607 1.36352
1608 1.08803
1609 1.82683
1610 1.53132
1611 1.34773
1612 1.37603
1613 1.42753
1614 1.3985
1615 1.48616
1616 1.56635
1617 2.05219
1618 1.53843
1619 1.53166
1620 1.50891
1621 1.4299
1622 1.43117
1623 1.4942
1624 1.70621
1625 1.91287
1626 1.54539
1627 1.61112
1628 1.6025
1629 1.46503
1630 1.44723
1631 1.40526
1632 1.6382
1633 1.73285
1634 1.37227
1635 1.46793
1636 1.51686
1637 1.52475
1638 1.49424
1639 1.53736
1640 1.75549
1641 1.8472
1642 1.42511
1643 1.48856
1644 1.5026
1645 1.41252
1646 1.36974
1647 1.59035
1648 1.86529
1649 1.69594
1650 1.47008
1651 1.41263
1652 1.41057
1653 1.37293
1654 1.33076
1655 1.60848
1656 1.75905
1657 1.32639
1658 1.41495
1659 1.42419
1660 1.40761
1661 1.38244
1662 1.37883
1663 1.49408
1664 1.38288
1665 0.837042
1666 0.773024
1667 0.80518
1668 0.842916
1669 0.857762
1670 0.925316
1671 0
1672 0
1673 0.929616
1674 0.862649
1675 0.854487
1676 0.739239
1677 0.887192
1678 0.965452
1679 0
1680 0
1681 1.08827
1682 0.886198
1683 0.75
1684 0.750779
1685 0.901561
1686 0.95849
1687 0
1688 0
1689 1.03465
1690 0.853963
1691 0.877821
1692 0.821894
1693 0.847342
1694 0.983739
1695 0
1696 0
1697 0.989509
1698 0.898143
1699 0.837575
1700 0.842296
1701 0.981927
1702 1.08611
1703 1.06162
1704 1.18086
1705 1.06667
1706 0.921398
1707 0.838584
1708 0.906194
1709 0.949763
1710 1.01606
1711 1.1212
1712 1.20183
1713 1.07363
1714 0.95605
1715 0.898596
1716 0.941696
1717 0.942555
1718 1.03617
1719 1.12923
1720 1.20506
1721 0.857587
1722 0.945893
1723 0.974798
1724 1.03761
1725 0.987999
1726 1.03953
1727 1.14384
1728 1.0813
1729 1.48337
1730 1.57177
1731 1.65394
1732 1.75467
1733 1.85012
1734 1.96203
1735 1.83541
1736 1.51558
1737 1.63342
1738 1.58738
1739 1.52706
1740 1.62007
1741 1.61215
1742 1.63901
1743 1.70682
1744 1.57058
1745 1.63091
1746 1.49599
1747 1.57879
1748 1.47007
1749 1.60639
1750 1.6021
1751 1.52842
1752 1.42424
1753 1.60394
1754 1.50901
1755 1.50317
1756 1.37796
1757 1.48876
1758 1.52041
1759 1.56236
1760 1.45716
1761 1.63927
1762 1.54467
1763 1.60198
1764 1.48809
1765 1.43271
1766 1.43105
1767 1.44092
1768 1.51155
1769 1.65086
1770 1.65926
1771 1.51007
1772 1.47954
1773 1.37097
1774 1.44546
1775 1.46522
1776 1.57239
1777 1.7234
1778 1.52744
1779 1.51466
1780 1.49248
1781 1.45053
1782 1.51959
1783 1.47062
1784 1.77465
1785 1.70395
1786 1.80768
1787 1.86354
1788 1.74374
1789 1.65184
1790 1.70502
1791 1.63666
1792 1.58064
1793 0.841095
1794 1.05303
1795 1.08594
1796 0.995065
1797 0.995708
1798 1.02674
1799 0.976507
1800 0.780813
1801 1.05903
1802 0.997409
1803 0.969418
1804 0.952696
1805 0.959642
1806 0.956662
1807 0.854606
1808 0.822244
1809 1.01683
1810 0.97998
1811 1.04708
1812 0.966342
1813 1.00777
1814 1.07266
1815 1.00395
1816 0.85219
1817 0.979344
1818 0.943826
1819 0.969855
1820 0.944693
1821 0.955263
1822 0.996352
1823 0.906687
1824 0.848264
1825 0.913816
1826 1.00459
1827 1.00571
1828 0.986338
1829 0.928615
1830 0.911956
1831 0.92116
1832 0.851849
1833 0.942213
1834 1.03048
1835 1.10732
1836 1.09677
1837 0.969902
1838 1.04561
1839 0.984868
1840 0.907204
1841 0.95516
1842 1.02178
1843 1.04243
1844 1.01187
1845 0.966874
1846 0.960484
1847 0.98021
1848 0.852389
1849 0.834571
1850 1.1444
1851 1.28481
1852 1.21884
1853 1.12606
1854 1.13137
1855 1.01335
1856 0.841453
1857 0.853033
1858 0.884068
1859 0.755953
1860 0.851245
1861 0.849154
1862 0.899518
1863 0.909755
1864 0.832115
1865 1.05025
1866 1.00425
1867 0.923107
1868 0.941601
1869 0.939582
1870 0.905861
1871 0.938644
1872 0.964093
1873 1.10566
1874 1.00197
1875 0.991488
1876 0.96968
1877 0.868141
1878 0.899296
1879 0.936387
1880 1.03833
1881 1.0466
1882 0.980369
1883 0.962479
1884 1.00008
1885 0.8707
1886 0.880206
1887 0.891618
1888 0.875437
1889 1.03203
1890 0
1891 0.915493
1892 1.02985
1893 0.943039
1894 0.960175
1895 0.935283
1896 1.03111
1897 1.02968
1898 0.930919
1899 0.955303
1900 0.899272
1901 0.887279
1902 0.938748
1903 0.912242
1904 1.01036
1905 0.96124
1906 0.865487
1907 0.814248
1908 0.853899
1909 0.900599
1910 0.905042
1911 0.863802
1912 0.879912
1913 0.696958
1914 0.745843
1915 0.689884
1916 0.732134
1917 0.74911
1918 0.62585
1919 0.616758
1920 0.649264
1921 0.193413
1922 0.956264
1923 0.981935
1924 0.936705
1925 0.916224
1926 0.905392
1927 0.81819
1928 0.489223
1929 0.775806
1930 0.996018
1931 1.02643
1932 0.964331
1933 1.00251
1934 1.04947
1935 0.97514
1936 0.157156
1937 0.92383
1938 1.03985
1939 0.990916
1940 0.895855
1941 1.00488
1942 1.05547
1943 0.996328
1944 0.769003
1945 1.16197
1946 0.969648
1947 1.04645
1948 0.930292
1949 0.968885
1950 1.02795
1951 0.891245
1952 0.213052
1953 1.14444
1954 0.804115
1955 1.01097
1956 0.940592
1957 0.969592
1958 1.04552
1959 0.997512
1960 0.951281
1961 0.405416
1962 0.764314
1963 1.02435
1964 1.02221
1965 0.911082
1966 1.11766
1967 1.01961
1968 0.324493
1969 0.0967383
1970 0.974735
1971 0.913514
1972 0.96267
1973 0.969569
1974 0.99512
1975 0.924863
1976 0.822156
1977 0.897881
1978 0.608
1979 0.809504
1980 0.875803
1981 0.854408
1982 0.87252
1983 0.88104
1984 1.08058
1985 0.744341
1986 0.981267
1987 1.0243
1988 1.13021
1989 1.21754
1990 1.26899
1991 1.21647
1992 1.11987
1993 0.894201
1994 0.968559
1995 0.997218
1996 1.02027
1997 1.01247
1998 1.06702
1999 1.13078
2000 1.19399
2001 0.931945
2002 1.02767
2003 1.09663
2004 1.03398
2005 1.08869
2006 1.12468
2007 1.2333
2008 1.14012
2009 0.916065
2010 1.04676
2011 1.02363
2012 1.00828
2013 0.998943
2014 1.05785
2015 1.10763
2016 1.03336
2017 0.937079
2018 1.06132
2019 1.09526
2020 1.05483
2021 1.01915
2022 1.05671
2023 1.09744
2024 1.0019
2025 0.79155
2026 1.01893
2027 1.11048
2028 1.04188
2029 1.07783
2030 1.12994
2031 1.02049
2032 0.916653
2033 0.704786
2034 0.949175
2035 0.974178
2036 0.970475
2037 1.01561
2038 0.991035
2039 0.94722
2040 0.894114
2041 0.718448
2042 1.08516
2043 1.18309
2044 1.09481
2045 1.08816
2046 1.03063
2047 0.92116
2048 0.819391
2049 1.94212
2050 1.79629
2051 3.50145
2052 0.932334
2053 0.350235
2054 1.92274
2055 2.65561
2056 0.15873
2057 0.725513
2058 1.18733
2059 1.65174
2060 3.71728
2061 1.14287
2062 2.52856
2063 2.60026
2064 2.01863
2065 2.19418
2066 2.44087
2067 2.69279
2068 0.0396665
2069 0.0183351
2070 3.27007
2071 2.90592
2072 0.951941
2073 1.79014
2074 1.77484
2075 2.23615
2076 0.438859
2077 0.0599568
2078 0.0260999
2079 0.0857388
2080 1.64527
2081 1.81153
2082 1.6661
2083 2.8721
2084 0.108874
2085 0.351491
2086 0.143748
2087 0.695503
2088 2.07196
2089 1.59884
2090 1.03239
2091 0.00518184
2092 3.06544
2093 0.0664976
2094 0.206074
2095 0.0762335
2096 2.00402
2097 1.099
2098 1.06646
2099 1.21294
2100 1.66364
2101 0.278476
2102 2.53948
2103 2.50625
2104 1.37201
2105 2.16666
2106 0.896737
2107 1.12202
2108 1.28869
2109 2.32088
2110 2.05322
2111 2.10643
2112 1.02824
2113 1.87157
2114 1.53046
2115 1.77697
2116 2.1231
2117 1.5147
2118 1.3755
2119 1.45065
2120 1.181
2121 1.53876
2122 1.45859
2123 1.88666
2124 1.87943
2125 1.88467
2126 1.41683
2127 1.24084
2128 1.50993
2129 2.58349
2130 1.49872
2131 1.96709
2132 2.03305
2133 2.21152
2134 1.62187
2135 1.28348
2136 1.42934
2137 1.83901
2138 1.70812
2139 2.20762
2140 1.98264
2141 2.69523
2142 2.54799
2143 1.70917
2144 2.212
2145 1.14924
2146 2.28204
2147 2.6732
2148 4.21823
2149 3.15352
2150 2.2577
2151 1.85261
2152 2.094
2153 3.60232
2154 2.55368
2155 2.10688
2156 2.82344
2157 0.735241
2158 3.08561
2159 1.94748
2160 2.20982
2161 3.11491
2162 2.35059
2163 2.08728
2164 2.26123
2165 2.89483
2166 1.85814
2167 2.01334
2168 1.84209
2169 1.72926
2170 2.48863
2171 2.96768
2172 2.49291
2173 0.875111
2174 2.09813
2175 2.28188
2176 2.04022
2177 1.58517
2178 1.90902
2179 2.02047
2180 1.86218
2181 1.91263
2182 1.84242
2183 1.86487
2184 1.29803
2185 1.91703
2186 2.41335
2187 2.29295
2188 2.27137
2189 2.20799
2190 2.36588
2191 1.48871
2192 1.9253
2193 1.56422
2194 1.78803
2195 2.00362
2196 2.20182
2197 2.45114
2198 1.54947
2199 1.68157
2200 2.017
2201 1.8421
2202 2.05717
2203 3.22467
2204 2.45973
2205 2.90635
2206 2.24858
2207 1.90045
2208 2.33769
2209 2.19251
2210 2.15611
2211 2.72185
2212 2.64887
2213 2.39856
2214 1.94306
2215 1.53196
2216 2.82569
2217 1.67995
2218 1.65471
2219 2.03101
2220 2.02752
2221 2.01648
2222 1.31735
2223 1.42802
2224 3.20773
2225 1.31891
2226 1.64581
2227 2.24533
2228 1.5733
2229 2.25498
2230 1.49654
2231 1.30237
2232 2.02321
2233 1.28151
2234 1.47177
2235 1.43808
2236 1.61003
2237 1.22978
2238 1.72733
2239 1.54816
2240 1.05098
2241 0.497512
2242 2.07778
2243 2.1177
2244 2.14677
2245 0.993364
2246 2.17535
2247 2.16538
2248 1.12537
2249 1.32446
2250 1.21362
2251 1.55671
2252 1.57431
2253 1.18968
2254 1.09245
2255 0.97661
2256 0.89115
2257 1.05306
2258 2.09666
2259 1.80504
2260 1.62223
2261 1.65419
2262 1.36869
2263 1.24278
2264 1.41424
2265 1.3008
2266 1.56986
2267 0.612848
2268 0.767421
2269 1.667
2270 1.69097
2271 1.75271
2272 0.723678
2273 1.01899
2274 0.903929
2275 1.35346
2276 1.22863
2277 2.0503
2278 1.52534
2279 1.605
2280 1.12457
2281 1.0059
2282 1.98171
2283 0.25546
2284 1.96446
2285 1.78469
2286 1.52161
2287 0.806897
2288 1.1423
2289 0.902006
2290 1.37595
2291 1.41181
2292 1.64275
2293 1.16702
2294 1.44697
2295 1.19322
2296 1.02662
2297 1.048
2298 1.53679
2299 1.0287
2300 1.67424
2301 1.31767
2302 1.90289
2303 1.11323
2304 0.913149
