1 1.22444
2 1.3794
3 1.35738
4 1.01524
5 0
6 0
7 1.32562
8 1.14896
9 1.10982
10 1.12611
11 1.11869
12 1.13919
13 0
14 0
15 1.2158
16 1.08216
17 1.24248
18 1.4069
19 1.45171
20 1.49708
21 0
22 0
23 1.21882
24 1.11359
25 1.05177
26 1.23512
27 1.12436
28 1.20045
29 0
30 0
31 1.29696
32 1.08469
33 1.01134
34 1.13224
35 1.04525
36 1.12665
37 1.02531
38 1.12265
39 1.196
40 0.990186
41 1.34498
42 1.16556
43 1.11289
44 1.16325
45 1.24729
46 1.27952
47 1.25261
48 1.03821
49 1.13618
50 1.08872
51 1.0424
52 1.05101
53 1.1073
54 1.15705
55 1.16476
56 1.04689
57 1.07148
58 1.13662
59 1.05818
60 1.14055
61 1.02941
62 1.28608
63 1.83415
64 1.6514
65 0.94977
66 0.905644
67 0.891952
68 0.799267
69 0.863963
70 0.932659
71 0.966388
72 0.956555
73 1.15006
74 0.991264
75 1.10124
76 0.957191
77 0.957494
78 0.970222
79 1.00161
80 1.07183
81 1.21103
82 1.03189
83 1.06164
84 0.996941
85 0.942877
86 1.10444
87 0.968278
88 1.10918
89 1.20868
90 1.00501
91 1.09312
92 1.01189
93 1.03455
94 1.0883
95 1.0139
96 1.11504
97 0.0689582
98 0.0663406
99 0.909302
100 0.926558
101 0.992831
102 1.14442
103 1.032
104 1.00465
105 1.39844
106 1.03953
107 1.0308
108 1.05056
109 1.03246
110 1.1202
111 1.08922
112 1.19011
113 0.792482
114 1.06933
115 1.10096
116 1.03474
117 1.0699
118 1.10278
119 1.12424
120 0.966931
121 1.05309
122 0.986703
123 0.984725
124 1.03001
125 1.06943
126 1.04788
127 1.07174
128 1.27542
129 1.15947
130 1.24292
131 0
132 0
133 1.23381
134 1.1993
135 0
136 0
137 1.40298
138 1.38475
139 0
140 0
141 1.29007
142 1.25944
143 0
144 0
145 1.44003
146 1.42636
147 0
148 0
149 1.2754
150 1.27964
151 0
152 0
153 1.4038
154 1.391
155 0
156 0
157 1.19883
158 1.23394
159 0
160 0
161 1.38364
162 1.38184
163 1.35408
164 1.27286
165 1.29118
166 1.33329
167 1.38776
168 1.36189
169 1.40161
170 1.41262
171 1.32797
172 1.27993
173 1.30072
174 1.2762
175 1.39295
176 1.43515
177 1.38489
178 1.44246
179 1.41401
180 1.40173
181 1.24924
182 1.36818
183 1.44074
184 1.43091
185 1.0606
186 1.3752
187 1.36947
188 1.36846
189 1.3205
190 1.31566
191 1.46251
192 1.11703
193 1.39005
194 0.188608
195 0.35417
196 1.28236
197 1.08649
198 1.18364
199 1.21235
200 0
201 1.12038
202 1.18245
203 1.17121
204 1.17346
205 1.11953
206 1.1166
207 1.14488
208 1.35358
209 1.14332
210 1.20279
211 1.19551
212 1.15918
213 1.26749
214 1.22386
215 1.22448
216 0
217 1.05014
218 1.12105
219 1.14976
220 1.09449
221 1.19938
222 1.15926
223 1.16931
224 1.33998
225 1.04623
226 1.20783
227 1.18009
228 1.18307
229 1.11642
230 1.12863
231 1.08136
232 0
233 1.19677
234 1.13769
235 1.16765
236 1.19135
237 1.10129
238 1.1765
239 1.09116
240 0
241 1.04544
242 1.1495
243 1.13961
244 1.13097
245 1.11974
246 1.1194
247 1.1519
248 0
249 0.880697
250 1.08189
251 1.35573
252 1.29995
253 1.12606
254 1.22289
255 1.09043
256 0
257 1.01678
258 1.27781
259 1.10584
260 1.38761
261 1.22027
262 1.20798
263 1.06105
264 1.59525
265 1.01535
266 1.00728
267 0.979598
268 0.929994
269 0.967022
270 0.988111
271 1.0037
272 0.85451
273 0.939181
274 0.940515
275 0.976421
276 0.94508
277 0.953475
278 0.945649
279 0.933016
280 0.817537
281 1.02832
282 0.931365
283 0.900331
284 0.91321
285 0.909989
286 0.932026
287 0.950106
288 0.704786
289 0.960126
290 0.912442
291 0.900176
292 0.916774
293 0.874033
294 0.892485
295 0.865907
296 0.73171
297 0.947779
298 0.883052
299 0.908157
300 0.870277
301 0.859537
302 0.869782
303 0.862707
304 0.728833
305 0.873474
306 0.900405
307 0.903134
308 0.87782
309 0.878291
310 0.866884
311 0.881633
312 0.691138
313 1.33003
314 0.92835
315 1.04836
316 0.975397
317 0.688416
318 0.915312
319 0.891622
320 0.467776
321 0.85137
322 0.993963
323 1.05388
324 1.10053
325 1.0351
326 1.10737
327 1.08372
328 1.00242
329 1.53598
330 1.04437
331 1.06038
332 1.01838
333 1.03148
334 1.12174
335 1.0915
336 1.31122
337 1.27569
338 1.03974
339 1.06472
340 1.0329
341 1.04297
342 1.0813
343 1.00454
344 1.52965
345 1.27659
346 1.0336
347 1.07141
348 0.8621
349 0.828903
350 0.997773
351 0.937369
352 1.70495
353 0.144772
354 1.1864
355 1.14354
356 0.956383
357 1.09543
358 0.854055
359 1
360 1
361 0.163998
362 1.01029
363 1.01194
364 0.996355
365 0.756758
366 1.05649
367 0.94985
368 1
369 0.837578
370 1.12164
371 1.12643
372 0.809596
373 1.07524
374 1.33708
375 1.11268
376 1.27358
377 1.27965
378 1.11698
379 1.00049
380 1.08188
381 1.08672
382 1.19545
383 1.08922
384 0.0522316
385 1.19256
386 0.944905
387 0.873949
388 0.787506
389 0.753244
390 0.756856
391 0.760929
392 0.772892
393 1.0881
394 0.945528
395 0.847907
396 0.731316
397 0.751004
398 0.85295
399 0.834219
400 0.906429
401 1.23476
402 0.910704
403 0.944191
404 0.801706
405 0.831251
406 0.817755
407 0.903639
408 1.02685
409 1.28905
410 0.921862
411 0.939845
412 0.929165
413 0.874505
414 0.85578
415 0.901459
416 0.976869
417 1.18283
418 0.973564
419 1.01687
420 0.912412
421 0.898064
422 0.891019
423 0.926399
424 1.03942
425 1.25048
426 1.00562
427 0.975323
428 0.937857
429 0.863384
430 0.943611
431 0.929785
432 1.11745
433 1.2496
434 1.08808
435 1.00963
436 0.953327
437 0.949375
438 0.962588
439 1.0216
440 1.10517
441 1.07384
442 1.04039
443 1.04827
444 1.0503
445 0.997248
446 0.989378
447 1.04463
448 1.04306
449 0.110271
450 0.0778151
451 0.226832
452 0.793668
453 0.779892
454 0.703711
455 0.714263
456 0.0317924
457 0.834169
458 1.04924
459 1.0276
460 0.968235
461 0.960429
462 1.07863
463 1.1107
464 1.10181
465 0.872083
466 0.954668
467 1.09651
468 1.00414
469 0.979975
470 1.0135
471 0.971061
472 1.12853
473 0.966634
474 1.06838
475 1.03125
476 0.964118
477 1.04114
478 0.902911
479 0.955665
480 1.1284
481 1.08229
482 1.10272
483 1.14673
484 1.09831
485 1.08821
486 1.00819
487 1.18983
488 1.01747
489 1.04743
490 1.16214
491 1.1335
492 1.1427
493 0.99557
494 1.09609
495 1.12497
496 1.08871
497 1.03048
498 1.24208
499 1.17652
500 1.17251
501 1.22073
502 1.18046
503 1.19622
504 1.1397
505 0.107913
506 1.36064
507 1.02589
508 0.221587
509 0.613566
510 0.0939218
511 0.0961082
512 1.0593
513 0.177353
514 2.72791
515 0.0293162
516 0.64523
517 0
518 0
519 0.0255094
520 0.256189
521 0.312918
522 0.192233
523 0.204206
524 0.417596
525 0
526 0
527 0.258045
528 0.0373444
529 1.3095
530 1.11464
531 0.427801
532 7.74849e-05
533 0
534 0
535 0.354995
536 0.191425
537 0.553623
538 2.55784
539 0.564242
540 0.917896
541 0
542 0
543 0.747591
544 0.138796
545 0.402524
546 0.945767
547 0.108462
548 1.02865
549 0.11835
550 0.0610345
551 0
552 0
553 0.531476
554 0.489425
555 1.23881
556 1.80913
557 1.34047
558 0.91922
559 0
560 0
561 0.571418
562 0.139574
563 0.396938
564 0.676362
565 0.263135
566 0.405202
567 0
568 0
569 0.283945
570 0.0633658
571 1.09123
572 1.23507
573 0.714923
574 0.634564
575 0
576 0
577 0
578 0
579 3.36891e-06
580 0.000114543
581 0.0018967
582 0.0155105
583 0
584 0
585 0
586 0
587 0
588 0
589 0.00903205
590 3.36891e-06
591 0
592 0
593 0
594 0
595 6.73782e-06
596 0
597 3.36891e-06
598 0.000421114
599 0
600 0
601 0
602 0
603 0
604 0
605 0.000117912
606 0.000114543
607 0
608 1.31438
609 0.0604888
610 0.0101135
611 0.00135767
612 2.35824e-05
613 0
614 9.09605e-05
615 0.000522181
616 0.0230198
617 0.0138934
618 0.00111511
619 0
620 0.000326784
621 0
622 0
623 0.00128019
624 0.0179967
625 0.00838185
626 0.000171814
627 7.07471e-05
628 0
629 1.01067e-05
630 0
631 0.00030994
632 0.0790481
633 0.0751738
634 0.0396453
635 0.204786
636 0.0548997
637 0.0100966
638 4.71647e-05
639 0.0262303
640 0.0367514
641 0.02336
642 0.00594949
643 0.319517
644 0.0056564
645 0.0315835
646 0.0827876
647 0.067011
648 3.24493
649 0.0529592
650 1.3874
651 0.195882
652 0.347365
653 0.984756
654 1.49905
655 0.288473
656 0.0623888
657 0.0426234
658 4.30009
659 0.0131387
660 0.00690289
661 0.0145806
662 0.002146
663 0.972756
664 0.88319
665 0.0368357
666 0.51578
667 0.077458
668 0.01484
669 0.00837511
670 0.0142101
671 0.114219
672 0.397178
673 0.494354
674 3.51063
675 0.00632681
676 0.0720947
677 0.0552232
678 0.0703226
679 0.580605
680 0.0392882
681 5.07249
682 0.0470401
683 0.00208199
684 0.0306908
685 0.0699015
686 0.00219316
687 0.0357542
688 0.29512
689 0.455389
690 0.976162
691 0.227169
692 0.0242932
693 0.00257048
694 0.00819656
695 0.502422
696 0.0153723
697 0.447199
698 0.0106592
699 1.71164
700 1.95847
701 0.648077
702 2.84448
703 0.226003
704 0.00557218
705 0
706 0
707 0
708 0
709 0
710 0
711 0
712 0
713 0
714 0
715 0
716 0
717 0
718 0
719 0
720 0
721 0
722 0
723 0
724 0
725 0
726 0
727 0
728 0
729 0
730 0
731 0
732 0
733 0
734 0
735 0
736 0
737 0
738 0
739 0
740 0
741 0
742 0
743 0
744 0
745 0
746 0
747 0
748 0
749 0
750 0
751 0
752 0
753 0
754 0
755 0
756 0
757 0
758 0
759 0
760 0
761 0
762 0
763 0
764 0
765 0
766 0
767 0
768 0
769 1.2714
770 0.953169
771 1.15103
772 1.17145
773 1.40072
774 1.30753
775 1.30184
776 0.515302
777 1.1995
778 1.10628
779 1.08181
780 1.06171
781 1.14323
782 1.12785
783 1.13006
784 1.04631
785 1.16412
786 1.09414
787 1.10128
788 1.08708
789 1.17696
790 1.16334
791 1.159
792 1.11112
793 1.15366
794 1.09372
795 1.10157
796 1.09115
797 1.15808
798 1.13514
799 1.18796
800 1.18166
801 1.12563
802 1.17018
803 1.16885
804 1.06373
805 1.16888
806 1.18658
807 1.20725
808 1.13981
809 1.24829
810 1.24268
811 1.33313
812 1.2138
813 1.15233
814 1.20555
815 1.21774
816 1.13177
817 1.29036
818 1.24441
819 1.27794
820 1.18564
821 1.22002
822 1.22149
823 1.22458
824 1.09867
825 1.2911
826 1.48649
827 1.43404
828 1.36671
829 1.33248
830 1.3763
831 1.27436
832 1.04659
833 1.17413
834 1.49962
835 0
836 0
837 1.39074
838 1.4024
839 1.38946
840 1.00948
841 1.65722
842 1.40932
843 0
844 0
845 1.26
846 1.1906
847 1.35442
848 1.19251
849 1.82404
850 1.36866
851 0
852 0
853 1.25311
854 1.22172
855 1.22398
856 1.25563
857 1.74979
858 1.34923
859 0
860 0
861 1.20935
862 1.27584
863 1.22368
864 1.1685
865 1.47418
866 1.22373
867 1.23937
868 1.28644
869 0
870 0
871 1.25169
872 1.18178
873 1.48935
874 1.23314
875 1.22512
876 1.22116
877 0
878 0
879 1.31456
880 1.27257
881 1.40698
882 1.2807
883 1.27055
884 1.22105
885 0
886 0
887 1.26951
888 1.23991
889 0.942045
890 1.12599
891 1.14048
892 1.10478
893 0
894 0
895 1.07536
896 0.937069
897 0.994226
898 0.978068
899 1.04912
900 1.04221
901 0.993296
902 1.00568
903 0.916737
904 0.894893
905 1.22005
906 1.25476
907 1.24453
908 1.14044
909 1.12152
910 1.14746
911 1.04092
912 1.04618
913 1.33618
914 1.27325
915 1.25682
916 1.213
917 1.16299
918 1.17735
919 1.10468
920 1.13554
921 1.18197
922 1.23648
923 1.19864
924 1.16092
925 1.12261
926 1.14413
927 1.01652
928 1.08485
929 1.08391
930 1.12248
931 1.17824
932 1.11751
933 1.16458
934 1.21538
935 1.07879
936 1.16875
937 1.1653
938 1.12612
939 1.20213
940 1.15244
941 1.18332
942 1.18796
943 1.04224
944 1.127
945 1.20583
946 1.15387
947 1.06815
948 1.07666
949 1.08875
950 1.11801
951 1.10047
952 1.03198
953 1.00043
954 1.06798
955 1.01896
956 1.00707
957 0.935253
958 0.930462
959 1.05647
960 0.951646
961 1.18492
962 1.66351
963 1.75519
964 1.74871
965 1.94641
966 2.01255
967 1.85444
968 1.17713
969 1.48523
970 1.51442
971 1.53725
972 1.51984
973 1.64633
974 1.66272
975 1.65425
976 1.35956
977 1.35012
978 1.49034
979 1.51315
980 1.43769
981 1.63635
982 1.64571
983 1.50887
984 1.26016
985 1.35656
986 1.49174
987 1.41144
988 1.45924
989 1.60757
990 1.57422
991 1.52785
992 1.30761
993 1.46373
994 1.53844
995 1.56181
996 1.60362
997 1.57621
998 1.52755
999 1.56506
1000 1.38079
1001 1.39474
1002 1.58801
1003 1.5718
1004 1.61401
1005 1.56925
1006 1.6258
1007 1.55534
1008 1.3803
1009 1.43927
1010 1.45396
1011 1.63094
1012 1.61066
1013 1.63478
1014 1.69945
1015 1.65532
1016 1.40571
1017 1.16079
1018 1.35877
1019 1.5433
1020 1.53307
1021 1.47744
1022 1.52903
1023 1.43485
1024 1.09237
1025 1.09424
1026 1.1993
1027 1.20779
1028 1.28084
1029 0.838798
1030 0.819992
1031 0.822021
1032 0.721189
1033 1.11269
1034 1.07311
1035 1.02018
1036 1.20087
1037 1.37273
1038 1.46573
1039 1.37852
1040 1.5583
1041 1.15914
1042 0.734813
1043 0.891902
1044 0.84975
1045 0.980814
1046 1.24891
1047 1.08852
1048 1.55056
1049 1.06124
1050 1.16129
1051 1.02884
1052 1.7337
1053 0.920103
1054 0.639587
1055 2.4479
1056 1.81401
1057 0.963596
1058 1.13238
1059 1.32747
1060 1.35636
1061 1.28755
1062 2.49491
1063 0.996692
1064 0.952562
1065 1.11762
1066 0.817294
1067 1.05476
1068 0.849053
1069 0.421993
1070 0.520119
1071 1.40616
1072 1.16572
1073 1.11513
1074 1.13306
1075 1.17249
1076 1.17383
1077 1.3376
1078 1.17986
1079 1.1178
1080 1.04492
1081 1.01557
1082 1.38045
1083 1.38715
1084 1.32923
1085 1.42026
1086 1.23119
1087 1.18142
1088 1.01569
1089 0.00616173
1090 3.36891e-06
1091 6.73782e-06
1092 0
1093 5.05336e-05
1094 0
1095 2.02135e-05
1096 0.0010511
1097 0.000242561
1098 0
1099 0
1100 0
1101 0
1102 0
1103 0
1104 0.000128019
1105 0.000646831
1106 0
1107 0
1108 0
1109 0
1110 0
1111 0
1112 1.01067e-05
1113 0.00132735
1114 0
1115 0
1116 0
1117 0
1118 0
1119 2.35824e-05
1120 0.000205503
1121 7.74849e-05
1122 0
1123 0
1124 0
1125 0
1126 0
1127 0
1128 0.00893772
1129 3.36891e-06
1130 0
1131 0
1132 0
1133 0
1134 0
1135 0
1136 9.76984e-05
1137 2.02135e-05
1138 0
1139 0
1140 0
1141 0
1142 0
1143 2.35824e-05
1144 0.000107805
1145 0.0158372
1146 0
1147 0
1148 3.03202e-05
1149 6.73782e-06
1150 0
1151 6.73782e-06
1152 0.0238148
1153 1.50065
1154 1.34539
1155 1.23814
1156 1.19899
1157 1.11708
1158 1.10849
1159 1.10419
1160 1.15277
1161 1.51545
1162 1.40118
1163 1.3654
1164 1.2926
1165 1.23078
1166 1.21499
1167 1.10695
1168 1.01497
1169 1.53865
1170 1.39024
1171 1.23129
1172 1.1729
1173 1.19148
1174 1.17252
1175 1.10543
1176 2.05531
1177 1.59021
1178 1.41797
1179 1.31803
1180 1.21518
1181 1.19585
1182 1.21009
1183 1.13681
1184 1.14327
1185 1.61205
1186 1.35979
1187 1.2631
1188 1.26041
1189 1.25681
1190 1.18396
1191 1.15733
1192 1.18772
1193 1.59417
1194 1.43146
1195 1.3724
1196 1.31226
1197 1.24287
1198 1.24816
1199 1.15248
1200 1.31877
1201 1.4741
1202 1.46155
1203 1.41211
1204 1.35717
1205 1.31087
1206 1.23222
1207 1.28294
1208 1.2639
1209 1.50068
1210 1.61942
1211 1.6119
1212 1.49795
1213 1.46625
1214 1.37802
1215 1.40075
1216 1.457
1217 0.211972
1218 0.964566
1219 0.235867
1220 0.486686
1221 1.18805
1222 1.53216
1223 0.995193
1224 0.890857
1225 0.83147
1226 1.04746
1227 0.955962
1228 0.986235
1229 1.02459
1230 0.89524
1231 0.925274
1232 0.970121
1233 0.741103
1234 0.999909
1235 0.992828
1236 1.08693
1237 1.12398
1238 1.0601
1239 1.0715
1240 0.955891
1241 0.792937
1242 1.15314
1243 1.16233
1244 0.954995
1245 1.0076
1246 0.95486
1247 0.988674
1248 0.887398
1249 0.848904
1250 0.716951
1251 0.792964
1252 1.13249
1253 1.07976
1254 1.083
1255 1.01212
1256 0.790198
1257 0.832033
1258 0.949682
1259 1.10352
1260 1.07359
1261 1.07237
1262 0.991072
1263 0.970387
1264 0.93654
1265 0.811924
1266 1.00555
1267 1.05007
1268 1.04712
1269 1.05435
1270 1.03791
1271 0.992346
1272 0.995563
1273 0.0411681
1274 1.12872
1275 0.284808
1276 0.395176
1277 0.263732
1278 0.147804
1279 0.863448
1280 1.1302
1281 0.0582215
1282 1.29603
1283 0.524101
1284 1.27871
1285 0.0632209
1286 0.791111
1287 0.271598
1288 0.232475
1289 1.67599
1290 1.48571
1291 1.40366
1292 1.87961
1293 2.22091
1294 1.85872
1295 1.36656
1296 0.0190647
1297 2.62219
1298 1.93678
1299 1.99359
1300 2.29175
1301 2.52201
1302 2.42788
1303 1.53926
1304 2.65986
1305 2.10884
1306 1.35313
1307 2.23244
1308 1.56597
1309 2.10202
1310 2.01749
1311 0.819807
1312 3.86997
1313 1.99468
1314 1.58938
1315 1.38609
1316 1.62455
1317 2.41791
1318 2.14409
1319 1.73023
1320 2.44764
1321 2.35726
1322 1.82311
1323 1.51546
1324 1.77037
1325 2.32492
1326 2.1437
1327 2.36384
1328 2.4498
1329 2.07049
1330 1.26923
1331 1.29237
1332 1.30195
1333 2.07284
1334 1.61957
1335 1.48126
1336 1.91655
1337 1.9006
1338 1.67416
1339 1.46325
1340 1.71656
1341 2.37214
1342 2.02809
1343 1.7908
1344 2.74098
1345 2.15824
1346 1.32161
1347 1.47111
1348 1.36387
1349 1.17608
1350 1.09272
1351 1.55215
1352 1.80343
1353 1.9297
1354 1.02862
1355 1.0707
1356 0.944383
1357 0.856976
1358 0.934596
1359 1.30422
1360 1.8999
1361 2.01583
1362 1.00191
1363 0.927643
1364 0.95076
1365 0.958562
1366 1.19064
1367 1.3002
1368 2.54212
1369 1.99951
1370 1.04852
1371 1.18578
1372 1.13987
1373 1.33944
1374 1.50222
1375 1.5881
1376 2.54835
1377 1.54184
1378 1.91712
1379 1.58942
1380 2.01815
1381 1.65557
1382 1.77013
1383 2.24256
1384 2.60049
1385 3.08188
1386 2.09892
1387 1.83732
1388 1.64926
1389 1.2423
1390 1.61086
1391 1.71582
1392 3.08181
1393 2.33527
1394 2.0623
1395 2.08873
1396 1.6205
1397 1.80366
1398 1.4432
1399 2.15681
1400 2.34845
1401 1.81149
1402 1.86852
1403 2.489
1404 2.03036
1405 1.73328
1406 1.39186
1407 1.7357
1408 2.70544
1409 2.74917
1410 1.55695
1411 1.51004
1412 1.5123
1413 1.11334
1414 1.01617
1415 0
1416 0
1417 2.11975
1418 1.35879
1419 1.35975
1420 1.06914
1421 0.991618
1422 1.01597
1423 0
1424 0
1425 1.48917
1426 1.76496
1427 1.22423
1428 1.22681
1429 1.03271
1430 1.04172
1431 0
1432 0
1433 2.17371
1434 1.45347
1435 1.09502
1436 1.18858
1437 1.03377
1438 1.00228
1439 0
1440 0
1441 160.076
1442 0
1443 1.12582
1444 1.18896
1445 1.05894
1446 1.02375
1447 1.02727
1448 1.31688
1449 0
1450 0
1451 1.05079
1452 1.07407
1453 1.02026
1454 1.01994
1455 1.05844
1456 1.65335
1457 0
1458 0
1459 1.06339
1460 1.04882
1461 1.0754
1462 1.07862
1463 1.10314
1464 1.14381
1465 0
1466 0
1467 1.1762
1468 1.06842
1469 1.03449
1470 1.05787
1471 1.07534
1472 1.05569
1473 0.0385909
1474 0.20387
1475 1.88891
1476 0.95993
1477 2.17559
1478 1.50755
1479 3.06403
1480 2.20808
1481 3.31498
1482 1.61876
1483 1.81512
1484 1.86598
1485 2.03594
1486 1.69687
1487 1.74585
1488 2.08473
1489 2.61592
1490 1.32866
1491 1.87723
1492 2.07634
1493 0.560846
1494 2.38809
1495 2.09379
1496 1.80042
1497 1.9172
1498 1.8746
1499 0.183531
1500 0.759588
1501 1.67247
1502 2.06008
1503 1.38762
1504 1.92598
1505 3.07279
1506 2.27081
1507 2.01472
1508 1.74576
1509 1.99734
1510 1.78745
1511 1.62978
1512 2.099
1513 3.04954
1514 2.04227
1515 3.40491
1516 1.94451
1517 2.88
1518 2.03073
1519 1.70664
1520 1.59634
1521 1.60721
1522 1.41269
1523 1.86494
1524 1.58214
1525 1.81488
1526 1.42754
1527 1.375
1528 1.34877
1529 1.15434
1530 1.60949
1531 1.66746
1532 2.05102
1533 1.92091
1534 1.7826
1535 1.58261
1536 1.46988
1537 0.914676
1538 0.992811
1539 0.958226
1540 1.01748
1541 1.02663
1542 1.14401
1543 1.13379
1544 0.857135
1545 1.24716
1546 1.15199
1547 1.11202
1548 1.08196
1549 1.15981
1550 1.22178
1551 1.12105
1552 1.04048
1553 1.07186
1554 1.01809
1555 0.98898
1556 0.999626
1557 1.13995
1558 1.13957
1559 1.19095
1560 1.01765
1561 1.11393
1562 1.02456
1563 1.05143
1564 1.03684
1565 1.08191
1566 1.16444
1567 1.08761
1568 1.05379
1569 1.069
1570 1.14005
1571 1.01343
1572 1.04426
1573 0.965145
1574 0.991736
1575 1.07706
1576 1.04983
1577 1.02469
1578 1.06407
1579 1.19773
1580 1.13303
1581 1.04163
1582 1.03732
1583 1.11426
1584 0.965122
1585 1.1654
1586 1.31236
1587 1.21327
1588 1.21696
1589 1.10789
1590 1.16288
1591 1.20136
1592 0.946067
1593 1.03387
1594 1.23024
1595 1.30896
1596 1.24223
1597 1.12655
1598 1.12156
1599 1.10972
1600 0.830412
1601 1.32807
1602 1.36433
1603 1.25601
1604 1.30907
1605 1.46264
1606 1.61688
1607 1.57633
1608 1.0076
1609 2.02034
1610 1.88285
1611 1.59408
1612 1.61977
1613 1.66052
1614 1.57306
1615 1.6724
1616 1.64449
1617 2.28238
1618 1.86639
1619 1.85392
1620 1.79775
1621 1.64489
1622 1.61406
1623 1.70924
1624 1.86037
1625 2.15941
1626 1.88478
1627 1.95601
1628 1.92685
1629 1.69999
1630 1.67509
1631 1.6376
1632 1.802
1633 1.92449
1634 1.59841
1635 1.73263
1636 1.80986
1637 1.80121
1638 1.80345
1639 1.869
1640 1.90236
1641 2.04838
1642 1.6833
1643 1.78048
1644 1.85232
1645 1.71929
1646 1.65725
1647 1.8935
1648 1.96715
1649 1.92547
1650 1.7553
1651 1.70977
1652 1.75221
1653 1.68839
1654 1.52797
1655 1.88873
1656 1.91732
1657 1.49572
1658 1.73343
1659 1.81799
1660 1.79627
1661 1.6609
1662 1.58154
1663 1.74177
1664 1.49515
1665 0.890726
1666 0.848281
1667 0.915265
1668 0.975023
1669 0.996917
1670 1.0877
1671 0
1672 0
1673 0.98482
1674 0.938682
1675 0.934495
1676 0.802454
1677 1.00983
1678 1.12507
1679 0
1680 0
1681 1.18033
1682 0.98578
1683 0.810752
1684 0.829446
1685 1.04713
1686 1.11472
1687 0
1688 0
1689 1.13752
1690 0.9463
1691 0.973338
1692 0.917148
1693 0.972516
1694 1.16109
1695 0
1696 0
1697 1.07495
1698 1.0017
1699 0.92458
1700 0.948109
1701 1.16563
1702 1.34693
1703 1.39313
1704 1.53091
1705 1.15256
1706 1.02454
1707 0.913857
1708 1.03589
1709 1.15597
1710 1.29488
1711 1.49364
1712 1.52745
1713 1.19734
1714 1.05948
1715 1.00512
1716 1.12589
1717 1.17792
1718 1.35615
1719 1.50267
1720 1.48338
1721 0.933508
1722 1.07607
1723 1.13135
1724 1.30641
1725 1.2763
1726 1.35456
1727 1.47127
1728 1.24542
1729 1.95484
1730 1.98883
1731 1.90948
1732 1.92299
1733 2.00884
1734 2.22519
1735 2.09888
1736 1.72337
1737 2.14829
1738 1.9742
1739 1.70575
1740 1.7443
1741 1.82104
1742 1.93823
1743 2.06482
1744 1.93107
1745 2.08721
1746 1.70516
1747 1.68798
1748 1.54347
1749 1.84801
1750 1.8892
1751 1.80996
1752 1.72509
1753 1.96384
1754 1.66229
1755 1.55533
1756 1.48915
1757 1.71938
1758 1.80331
1759 1.92113
1760 1.81071
1761 1.92912
1762 1.66663
1763 1.80206
1764 1.70969
1765 1.65999
1766 1.69594
1767 1.74091
1768 1.94723
1769 1.90453
1770 1.8981
1771 1.73746
1772 1.75364
1773 1.5967
1774 1.743
1775 1.83024
1776 2.05733
1777 2.01841
1778 1.7795
1779 1.82485
1780 1.84337
1781 1.75833
1782 1.89
1783 1.88207
1784 2.28128
1785 1.93321
1786 2.16842
1787 2.3131
1788 2.16927
1789 2.01876
1790 2.14822
1791 2.00551
1792 1.83093
1793 1.01637
1794 1.33266
1795 1.36547
1796 1.25789
1797 1.25883
1798 1.29004
1799 1.2332
1800 1.03534
1801 1.36749
1802 1.2904
1803 1.25951
1804 1.23314
1805 1.2439
1806 1.25605
1807 1.18634
1808 1.17392
1809 1.3404
1810 1.27958
1811 1.34497
1812 1.26575
1813 1.32051
1814 1.40696
1815 1.40584
1816 1.19165
1817 1.30841
1818 1.25186
1819 1.28453
1820 1.26136
1821 1.30121
1822 1.40344
1823 1.27818
1824 1.14682
1825 1.24508
1826 1.33789
1827 1.35837
1828 1.33776
1829 1.32167
1830 1.31932
1831 1.2514
1832 1.14251
1833 1.28735
1834 1.38119
1835 1.48463
1836 1.52135
1837 1.40887
1838 1.41381
1839 1.31226
1840 1.19378
1841 1.31141
1842 1.40088
1843 1.47587
1844 1.49671
1845 1.37785
1846 1.32441
1847 1.30147
1848 1.11175
1849 1.04339
1850 1.55526
1851 1.81358
1852 1.68161
1853 1.50707
1854 1.46033
1855 1.31079
1856 1.04768
1857 1.08302
1858 1.15462
1859 0.99145
1860 1.07274
1861 1.03189
1862 1.05009
1863 1.08411
1864 0.968699
1865 1.32637
1866 1.26256
1867 1.14308
1868 1.14535
1869 1.10715
1870 1.08694
1871 1.14209
1872 1.14325
1873 1.37408
1874 1.27359
1875 1.20948
1876 1.15338
1877 1.04012
1878 1.09648
1879 1.14694
1880 1.24298
1881 1.29862
1882 1.23569
1883 1.17823
1884 1.18109
1885 1.07146
1886 1.08632
1887 1.11771
1888 1.06523
1889 1.26368
1890 0
1891 1.14842
1892 1.25147
1893 1.16243
1894 1.19307
1895 1.1732
1896 1.24121
1897 1.2763
1898 1.19021
1899 1.20009
1900 1.13373
1901 1.13394
1902 1.18343
1903 1.1521
1904 1.19967
1905 1.21076
1906 1.1222
1907 1.05584
1908 1.10223
1909 1.15875
1910 1.1573
1911 1.12219
1912 1.08768
1913 0.887664
1914 0.980764
1915 0.91984
1916 0.971418
1917 0.983617
1918 0.855464
1919 0.840853
1920 0.848776
1921 0.346064
1922 1.46979
1923 1.4457
1924 1.34058
1925 1.28548
1926 1.25838
1927 1.13945
1928 0.717854
1929 1.22362
1930 1.48958
1931 1.46392
1932 1.3634
1933 1.37428
1934 1.41609
1935 1.341
1936 0.226792
1937 1.35943
1938 1.50546
1939 1.38998
1940 1.25878
1941 1.36312
1942 1.42689
1943 1.37352
1944 1.05527
1945 1.74608
1946 1.37845
1947 1.43591
1948 1.2876
1949 1.32059
1950 1.38811
1951 1.24428
1952 0.293439
1953 1.94811
1954 1.20022
1955 1.39317
1956 1.29703
1957 1.31434
1958 1.39098
1959 1.35504
1960 1.26552
1961 0.619027
1962 1.14889
1963 1.40316
1964 1.39066
1965 1.24612
1966 1.47772
1967 1.39082
1968 0.429135
1969 0.126405
1970 1.54985
1971 1.26645
1972 1.30821
1973 1.31477
1974 1.3346
1975 1.26818
1976 1.13708
1977 1.59219
1978 0.926797
1979 1.14806
1980 1.21626
1981 1.18487
1982 1.20164
1983 1.22913
1984 1.65683
1985 1.08501
1986 1.33645
1987 1.35548
1988 1.50913
1989 1.60738
1990 1.63788
1991 1.56574
1992 1.31286
1993 1.21059
1994 1.31875
1995 1.38257
1996 1.41829
1997 1.38182
1998 1.41327
1999 1.35257
2000 1.3217
2001 1.265
2002 1.39624
2003 1.51555
2004 1.42903
2005 1.4586
2006 1.41078
2007 1.40306
2008 1.28256
2009 1.24569
2010 1.45337
2011 1.43307
2012 1.38807
2013 1.3322
2014 1.31832
2015 1.28021
2016 1.23708
2017 1.30757
2018 1.50842
2019 1.51806
2020 1.42643
2021 1.29087
2022 1.26972
2023 1.31223
2024 1.25405
2025 1.1269
2026 1.41256
2027 1.48624
2028 1.35091
2029 1.27904
2030 1.3174
2031 1.2675
2032 1.17636
2033 1.01154
2034 1.32333
2035 1.30645
2036 1.24479
2037 1.20053
2038 1.20505
2039 1.20349
2040 1.15307
2041 1.0302
2042 1.43628
2043 1.48912
2044 1.36994
2045 1.31406
2046 1.26052
2047 1.15261
2048 1.03503
2049 1.52535
2050 1.38076
2051 2.91123
2052 0.702748
2053 0.294284
2054 1.40685
2055 2.06639
2056 0.189973
2057 0.895635
2058 1.25752
2059 1.42767
2060 3.18561
2061 0.832777
2062 1.94375
2063 2.05217
2064 1.5939
2065 1.69527
2066 1.91843
2067 2.16508
2068 0.0489604
2069 0.0214128
2070 2.44428
2071 2.16418
2072 0.859732
2073 1.56345
2074 1.54451
2075 1.74462
2076 0.389035
2077 0.0718858
2078 0.0302292
2079 0.099996
2080 1.30735
2081 1.64391
2082 1.56773
2083 2.46262
2084 0.14707
2085 0.245897
2086 0.128672
2087 0.545854
2088 1.67475
2089 1.49471
2090 1.13252
2091 0.00634029
2092 2.50383
2093 0.0812008
2094 0.188656
2095 0.0956164
2096 1.56908
2097 1.16181
2098 1.2606
2099 1.29272
2100 1.47321
2101 0.358705
2102 2.03937
2103 1.99619
2104 1.25153
2105 1.90644
2106 1.08998
2107 1.25621
2108 1.24389
2109 1.87797
2110 1.67568
2111 1.67484
2112 0.807864
2113 1.63606
2114 1.5573
2115 1.68718
2116 2.01778
2117 1.49889
2118 1.46448
2119 1.42938
2120 1.04653
2121 1.41062
2122 1.47619
2123 1.76079
2124 1.75095
2125 1.77805
2126 1.46232
2127 1.33726
2128 1.31497
2129 2.25247
2130 1.46583
2131 1.80254
2132 1.84812
2133 1.97642
2134 1.55792
2135 1.31857
2136 1.34004
2137 1.61195
2138 1.60811
2139 1.93915
2140 1.78164
2141 2.37011
2142 2.21122
2143 1.54585
2144 1.7751
2145 0.91888
2146 1.70295
2147 2.32924
2148 3.84607
2149 2.71435
2150 1.89278
2151 1.72713
2152 1.88701
2153 2.99945
2154 2.01591
2155 1.84683
2156 2.46161
2157 0.681534
2158 2.70448
2159 1.78078
2160 1.88994
2161 2.56798
2162 1.98162
2163 1.77886
2164 2.00209
2165 2.57744
2166 1.61913
2167 1.83225
2168 1.60758
2169 1.38045
2170 2.11508
2171 2.59497
2172 2.14002
2173 0.874198
2174 1.8559
2175 2.06367
2176 1.76219
2177 1.41534
2178 1.72696
2179 1.78293
2180 1.64829
2181 1.59003
2182 1.50496
2183 1.63014
2184 1.20131
2185 1.59137
2186 2.01995
2187 1.8206
2188 1.83829
2189 1.70282
2190 1.79724
2191 1.51875
2192 1.68325
2193 1.45149
2194 1.54014
2195 1.60292
2196 1.74293
2197 1.81381
2198 1.39159
2199 1.69877
2200 1.79248
2201 1.51904
2202 1.64729
2203 2.24169
2204 1.83281
2205 2.31416
2206 1.80024
2207 1.83325
2208 2.04909
2209 1.8139
2210 1.76936
2211 2.11532
2212 2.08616
2213 1.84125
2214 1.53468
2215 1.40106
2216 2.16298
2217 1.5548
2218 1.50532
2219 1.61465
2220 1.62771
2221 1.66119
2222 1.35671
2223 1.39003
2224 2.57781
2225 1.33518
2226 1.54546
2227 1.86473
2228 1.50473
2229 1.87806
2230 1.47935
2231 1.37099
2232 1.70327
2233 1.18421
2234 1.44647
2235 1.47672
2236 1.57266
2237 1.36716
2238 1.70075
2239 1.55785
2240 0.967851
2241 0.539911
2242 1.63319
2243 1.64614
2244 1.6388
2245 0.917361
2246 1.75575
2247 1.77215
2248 0.940323
2249 1.23703
2250 1.18812
2251 1.28548
2252 1.26317
2253 1.09729
2254 1.13702
2255 1.08509
2256 1.00242
2257 1.07746
2258 1.57649
2259 1.32411
2260 1.21194
2261 1.24141
2262 1.13094
2263 1.10235
2264 1.24806
2265 1.21655
2266 1.21962
2267 0.514668
2268 0.619253
2269 1.24698
2270 1.30387
2271 1.42463
2272 0.84316
2273 1.06631
2274 0.816667
2275 0.996089
2276 0.924759
2277 1.51475
2278 1.24258
2279 1.31509
2280 1.0395
2281 1.01293
2282 1.50757
2283 0.313278
2284 1.39821
2285 1.27683
2286 1.22242
2287 0.817732
2288 1.01564
2289 1.02004
2290 1.19907
2291 1.2543
2292 1.35648
2293 1.11712
2294 1.31696
2295 1.14249
2296 1.03811
2297 0.959327
2298 1.32723
2299 1.10153
2300 1.33446
2301 1.12695
2302 1.57583
2303 1.01897
2304 0.750374
