1 0.999561
2 1.08928
3 1.05971
4 0.814339
5 8.54709e-05
6 0.000127051
7 1.11367
8 0.985031
9 0.934448
10 0.954125
11 0.941531
12 0.957202
13 0.000103951
14 0
15 1.04458
16 0.928914
17 1.01544
18 1.14259
19 1.15792
20 1.18283
21 9.00909e-05
22 9.9331e-05
23 1.03213
24 0.953213
25 0.872593
26 1.03213
27 0.943409
28 0.997785
29 9.24009e-05
30 8.77809e-05
31 1.11384
32 0.933864
33 0.83983
34 0.973467
35 0.890535
36 0.952143
37 0.872445
38 0.957133
39 1.02288
40 0.857282
41 1.10969
42 0.967925
43 0.925395
44 0.968244
45 1.04438
46 1.07307
47 1.06715
48 0.897296
49 0.954495
50 0.915645
51 0.884088
52 0.889498
53 0.942418
54 0.990919
55 1.00696
56 0.909967
57 0.895164
58 0.938468
59 0.871078
60 0.94006
61 0.86171
62 1.06625
63 1.51852
64 1.38164
65 0.816346
66 0.78274
67 0.776357
68 0.708865
69 0.771414
70 0.843085
71 0.878266
72 0.851292
73 0.974606
74 0.855989
75 0.945733
76 0.845524
77 0.854224
78 0.875961
79 0.890041
80 0.930845
81 1.02236
82 0.895499
83 0.919489
84 0.881974
85 0.847767
86 0.976593
87 0.854746
88 0.943347
89 1.02022
90 0.872926
91 0.971716
92 0.894799
93 0.905499
94 0.943952
95 0.881992
96 0.908715
97 0.0546228
98 0.0522296
99 0.817095
100 0.812366
101 0.853471
102 0.983555
103 0.900223
104 0.857185
105 1.12964
106 0.927985
107 0.908207
108 0.908909
109 0.897065
110 0.968163
111 0.947636
112 1.01809
113 0.707008
114 0.947911
115 0.958833
116 0.896532
117 0.928828
118 0.959612
119 0.981762
120 0.842787
121 0.878708
122 0.867449
123 0.85794
124 0.892517
125 0.927569
126 0.91917
127 0.945236
128 1.09464
129 0.944837
130 1.0253
131 8.54709e-05
132 0
133 1.0313
134 1.02359
135 8.54709e-05
136 0
137 1.15469
138 1.14981
139 9.7021e-05
140 0.000101641
141 1.09515
142 1.09592
143 0.000110881
144 9.24009e-05
145 1.19715
146 1.18504
147 9.9331e-05
148 0.000115501
149 1.11183
150 1.1131
151 0.000115501
152 0.000101641
153 1.16119
154 1.16254
155 0.000101641
156 0.000120121
157 1.04365
158 1.05215
159 0.000108571
160 8.54709e-05
161 1.14718
162 1.1715
163 1.17619
164 1.11105
165 1.09904
166 1.15885
167 1.17357
168 1.15119
169 1.17959
170 1.25065
171 1.16872
172 1.09747
173 1.1086
174 1.08511
175 1.1704
176 1.21377
177 1.17349
178 1.2666
179 1.22285
180 1.19949
181 1.06016
182 1.15397
183 1.21571
184 1.21874
185 0.891198
186 1.17032
187 1.17168
188 1.1697
189 1.12003
190 1.11075
191 1.23946
192 0.944954
193 1.16252
194 0.149539
195 0.287651
196 1.06966
197 0.914113
198 1.00078
199 1.02445
200 0.000106261
201 0.947828
202 1.00148
203 1.00176
204 1.00315
205 0.957486
206 0.943883
207 0.961822
208 0.881785
209 0.962769
210 1.03107
211 1.02421
212 0.990709
213 1.07161
214 1.02733
215 1.02575
216 8.77809e-05
217 0.899863
218 0.962631
219 0.981973
220 0.930995
221 1.00115
222 0.966267
223 1.00527
224 0.891621
225 0.901706
226 1.03573
227 1.00053
228 0.991377
229 0.92184
230 0.946879
231 0.912515
232 9.4711e-05
233 1.02033
234 0.971256
235 0.986043
236 0.980053
237 0.902656
238 0.97835
239 0.909546
240 9.24009e-05
241 0.891087
242 0.97015
243 0.947066
244 0.9309
245 0.93446
246 0.92832
247 0.953677
248 9.9331e-05
249 0.729808
250 0.885282
251 1.10998
252 1.07152
253 0.924857
254 0.994604
255 0.879398
256 9.4711e-05
257 0.834355
258 1.01064
259 0.86874
260 0.985488
261 0.937602
262 0.948577
263 0.879615
264 1.24506
265 0.86394
266 0.871854
267 0.845131
268 0.80897
269 0.831324
270 0.845737
271 0.862089
272 0.743624
273 0.802592
274 0.807947
275 0.839051
276 0.807942
277 0.813505
278 0.801902
279 0.799739
280 0.712194
281 0.864436
282 0.800957
283 0.769577
284 0.774891
285 0.775073
286 0.800899
287 0.824431
288 0.612683
289 0.820118
290 0.803745
291 0.761462
292 0.778857
293 0.751028
294 0.774523
295 0.750942
296 0.635903
297 0.79949
298 0.745373
299 0.768124
300 0.741834
301 0.745463
302 0.753105
303 0.740446
304 0.627529
305 0.742855
306 0.759021
307 0.763063
308 0.757711
309 0.75951
310 0.741458
311 0.746514
312 0.583286
313 1.06001
314 0.75927
315 0.850181
316 0.783119
317 0.583433
318 0.73425
319 0.74116
320 0.390907
321 0.786676
322 0.927652
323 0.972605
324 1.00882
325 0.94704
326 1.01618
327 0.998501
328 0.927133
329 1.30808
330 0.961836
331 0.960168
332 0.926548
333 0.941956
334 1.02248
335 1.00626
336 1.19381
337 1.10139
338 0.943086
339 0.956142
340 0.913097
341 0.944291
342 0.991146
343 0.940508
344 1.37334
345 1.08202
346 0.927772
347 0.959621
348 0.777817
349 0.761682
350 0.912034
351 0.872267
352 1.51571
353 0.125136
354 1.03966
355 0.942446
356 0.819273
357 0.919018
358 0.784447
359 0.999684
360 0.999658
361 0.140382
362 0.89601
363 0.886917
364 0.864212
365 0.7048
366 0.946662
367 0.879937
368 0.999681
369 0.735387
370 1.01144
371 1.01259
372 0.721954
373 0.980917
374 1.16092
375 1.03526
376 1.06934
377 1.10233
378 1.02872
379 0.931607
380 1.00311
381 1.00543
382 1.10154
383 1.01282
384 0.0469766
385 1.02518
386 0.826674
387 0.75958
388 0.681965
389 0.647308
390 0.642325
391 0.638507
392 0.656061
393 0.942806
394 0.811719
395 0.721342
396 0.620567
397 0.631438
398 0.707188
399 0.722534
400 0.794764
401 1.04869
402 0.774244
403 0.798224
404 0.673677
405 0.684513
406 0.703608
407 0.79457
408 0.890766
409 1.06301
410 0.777425
411 0.782412
412 0.762305
413 0.742733
414 0.743564
415 0.787868
416 0.857624
417 0.930281
418 0.805249
419 0.824029
420 0.765593
421 0.774338
422 0.797101
423 0.809291
424 0.910443
425 0.970628
426 0.81371
427 0.814318
428 0.809291
429 0.753795
430 0.818344
431 0.811865
432 0.982873
433 0.978886
434 0.902695
435 0.870879
436 0.834778
437 0.828111
438 0.832542
439 0.89047
440 0.984976
441 0.8753
442 0.892431
443 0.924635
444 0.932536
445 0.882119
446 0.876247
447 0.935028
448 0.921515
449 0.101634
450 0.0689958
451 0.20696
452 0.701392
453 0.708159
454 0.645483
455 0.659662
456 0.0286651
457 0.760494
458 0.95467
459 0.950166
460 0.896603
461 0.888983
462 0.999037
463 1.03145
464 1.0114
465 0.7956
466 0.883549
467 1.00651
468 0.930059
469 0.906945
470 0.938382
471 0.886264
472 1.01413
473 0.891932
474 0.976833
475 0.942802
476 0.893582
477 0.958778
478 0.83047
479 0.877851
480 1.01657
481 0.987704
482 1.00712
483 1.04977
484 0.995281
485 0.982887
486 0.907541
487 1.0484
488 0.96012
489 0.954555
490 1.05578
491 1.03438
492 1.02766
493 0.890205
494 0.962462
495 1.03183
496 1.03689
497 0.942931
498 1.13613
499 1.0697
500 1.05195
501 1.0717
502 1.0782
503 1.11582
504 1.09907
505 0.100865
506 1.19554
507 0.902237
508 0.192554
509 0.563948
510 0.0822553
511 0.0894857
512 0.953187
513 0.155368
514 2.6941
515 0.0246387
516 0.606291
517 0.000108571
518 8.31609e-05
519 0.0217535
520 0.222497
521 0.294198
522 0.164455
523 0.176165
524 0.382193
525 0.000226382
526 0
527 0.245606
528 0.0322271
529 1.35706
530 1.10227
531 0.430718
532 4.85105e-05
533 2.54103e-05
534 2.07902e-05
535 0.3632
536 0.175698
537 0.561382
538 2.51316
539 0.536741
540 0.86892
541 1.61702e-05
542 0.000242552
543 0.721594
544 0.132665
545 0.406077
546 0.896832
547 0.102357
548 0.975634
549 0.111826
550 0.0556
551 0.000110881
552 0.000131671
553 0.536669
554 0.484855
555 1.19495
556 1.71217
557 1.37528
558 0.932173
559 4.62005e-05
560 5.77506e-05
561 0.557409
562 0.120454
563 0.367437
564 0.625109
565 0.245916
566 0.387252
567 9.24009e-06
568 8.31609e-05
569 0.262548
570 0.0540615
571 1.08806
572 1.22154
573 0.705849
574 0.640514
575 0.000166322
576 0
577 0
578 0
579 0
580 1.84802e-05
581 0.0021899
582 0.0173621
583 0
584 0
585 0
586 0
587 0
588 0
589 0.00821213
590 0
591 0
592 0
593 2.31002e-06
594 1.38601e-05
595 4.62005e-06
596 4.62005e-06
597 2.31002e-06
598 0.000422734
599 0
600 2.31002e-06
601 0
602 0
603 0.0229755
604 0
605 4.38904e-05
606 0.000113191
607 0
608 0.650322
609 0.0385035
610 0.00577968
611 0.000727657
612 9.24009e-06
613 0
614 5.31305e-05
615 0.000291063
616 0.0177895
617 0.00818672
618 0.000589056
619 0
620 0.000117811
621 0
622 0
623 0.00112267
624 0.0167592
625 0.00479792
626 0.000101641
627 2.77203e-05
628 0
629 2.31002e-06
630 0
631 0.000261033
632 0.0777877
633 0.0520333
634 0.0257706
635 0.175502
636 0.037099
637 0.00819596
638 9.24009e-06
639 0.0282816
640 0.0333868
641 0.0206978
642 0.00528533
643 0.296667
644 0.00521141
645 0.0300118
646 0.0763001
647 0.0633663
648 3.15554
649 0.0493929
650 1.31852
651 0.206717
652 0.337423
653 0.885092
654 1.38547
655 0.252204
656 0.0640292
657 0.0388292
658 4.1633
659 0.0129384
660 0.00549786
661 0.00994234
662 0.0018665
663 0.898539
664 0.892314
665 0.0337494
666 0.475012
667 0.0893379
668 0.0125249
669 0.0064057
670 0.010506
671 0.109336
672 0.407805
673 0.51234
674 3.26355
675 0.00508436
676 0.0535856
677 0.0449115
678 0.096127
679 0.565512
680 0.0394552
681 4.83746
682 0.0506565
683 0.00188498
684 0.0230725
685 0.0618555
686 0.00205592
687 0.0370274
688 0.319416
689 0.451122
690 0.911346
691 0.187826
692 0.015461
693 0.00162626
694 0.00727195
695 0.493229
696 0.0154286
697 0.373974
698 0.00985456
699 1.52646
700 1.75208
701 0.543486
702 2.62127
703 0.210757
704 0.00553482
705 0
706 0
707 0
708 0
709 0
710 0
711 0
712 0
713 0
714 0
715 0
716 0
717 0
718 0
719 0
720 0
721 0
722 0
723 0
724 0
725 0
726 0
727 0
728 0
729 0
730 0
731 0
732 0
733 0
734 0
735 0.0229732
736 0
737 0
738 0
739 0
740 0
741 0
742 0
743 0
744 0
745 0
746 0
747 0
748 0
749 0
750 0
751 0
752 0
753 0
754 0
755 0
756 0
757 0
758 0
759 0
760 0
761 0
762 0
763 0
764 0
765 0
766 0
767 0
768 0
769 1.08273
770 0.81059
771 0.973063
772 1.00197
773 1.2086
774 1.11298
775 1.09526
776 0.436899
777 1.0285
778 0.937257
779 0.920117
780 0.910854
781 0.978133
782 0.96498
783 0.96978
784 0.885404
785 0.994495
786 0.928826
787 0.936474
788 0.928239
789 1.00644
790 0.992837
791 0.975597
792 0.93549
793 0.984761
794 0.929283
795 0.935821
796 0.93173
797 0.993278
798 0.962494
799 0.998471
800 0.988877
801 0.965119
802 1.02461
803 0.990081
804 0.907299
805 0.995422
806 0.997935
807 1.00102
808 0.955433
809 1.07563
810 1.05884
811 1.12657
812 1.02307
813 0.970145
814 1.00379
815 1.01609
816 0.950609
817 1.10865
818 1.06622
819 1.07515
820 0.99803
821 1.02238
822 1.02087
823 1.03032
824 0.928546
825 1.10288
826 1.24178
827 1.18181
828 1.12931
829 1.10698
830 1.15284
831 1.07198
832 0.877236
833 0.959914
834 1.23817
835 6.69907e-05
836 0.000131671
837 1.14608
838 1.14633
839 1.14109
840 0.812061
841 1.35959
842 1.16648
843 0.000110881
844 9.9331e-05
845 1.02879
846 0.985766
847 1.09173
848 0.99039
849 1.4981
850 1.13589
851 8.31609e-05
852 6.69907e-05
853 1.03031
854 0.98623
855 1.01328
856 1.06362
857 1.443
858 1.11045
859 0.0229732
860 0
861 0.956292
862 1.03055
863 1.04229
864 1.0106
865 1.21791
866 1.01821
867 1.03785
868 1.07161
869 0.000129361
870 7.16107e-05
871 1.08693
872 1.03093
873 1.23251
874 1.03979
875 1.04273
876 1.03279
877 9.9331e-05
878 7.16107e-05
879 1.15196
880 1.1093
881 1.18005
882 1.09459
883 1.07954
884 1.03862
885 0.000103951
886 9.7021e-05
887 1.11607
888 1.10241
889 0.801872
890 0.968198
891 0.984941
892 0.966461
893 0
894 9.00909e-05
895 0.98447
896 0.859313
897 0.830544
898 0.831294
899 0.893069
900 0.891542
901 0.857051
902 0.870597
903 0.793167
904 0.772176
905 1.0084
906 1.05691
907 1.0538
908 0.976731
909 0.966842
910 0.993095
911 0.906125
912 0.90038
913 1.09835
914 1.0725
915 1.07061
916 1.03968
917 1.00308
918 1.01994
919 0.961633
920 0.971388
921 0.999785
922 1.04515
923 1.02842
924 1.00062
925 0.968796
926 0.989108
927 0.880352
928 0.933906
929 0.899971
930 0.960977
931 1.01966
932 0.975491
933 1.0055
934 1.06628
935 0.932924
936 1.02306
937 0.990778
938 0.976385
939 1.05649
940 1.00371
941 1.01444
942 1.02206
943 0.922942
944 0.988136
945 1.02482
946 1.01188
947 0.940272
948 0.923813
949 0.93489
950 0.985925
951 0.982252
952 0.900808
953 0.866469
954 0.940669
955 0.885014
956 0.864348
957 0.832519
958 0.840966
959 0.941561
960 0.830206
961 1.00766
962 1.4372
963 1.50626
964 1.4742
965 1.68638
966 1.84849
967 1.68459
968 1.03603
969 1.29914
970 1.31754
971 1.30672
972 1.33561
973 1.53791
974 1.53488
975 1.46085
976 1.21049
977 1.18923
978 1.27288
979 1.31388
980 1.33782
981 1.50233
982 1.44287
983 1.3279
984 1.10769
985 1.1754
986 1.2895
987 1.29917
988 1.35485
989 1.41234
990 1.3748
991 1.3415
992 1.13709
993 1.27478
994 1.41218
995 1.45529
996 1.4131
997 1.37748
998 1.32162
999 1.33842
1000 1.17516
1001 1.28719
1002 1.49249
1003 1.38758
1004 1.40548
1005 1.35119
1006 1.3938
1007 1.3241
1008 1.16525
1009 1.37314
1010 1.29729
1011 1.42233
1012 1.38802
1013 1.39209
1014 1.42459
1015 1.37364
1016 1.20176
1017 1.01351
1018 1.16745
1019 1.31215
1020 1.28242
1021 1.21031
1022 1.24808
1023 1.18774
1024 0.929937
1025 0.931586
1026 1.04689
1027 1.06306
1028 1.09905
1029 0.757413
1030 0.733677
1031 0.736736
1032 0.618562
1033 0.973476
1034 0.950967
1035 0.932085
1036 1.05374
1037 1.13346
1038 1.19264
1039 1.11803
1040 1.25631
1041 1.01803
1042 0.676527
1043 0.841255
1044 0.736244
1045 0.835845
1046 1.03083
1047 0.910468
1048 1.25617
1049 0.954116
1050 1.04787
1051 0.910299
1052 1.40945
1053 0.767272
1054 0.554071
1055 2.06216
1056 1.4517
1057 0.924862
1058 1.04386
1059 1.12276
1060 1.1222
1061 1.041
1062 2.10334
1063 0.836171
1064 0.840306
1065 1.0354
1066 0.745255
1067 0.944296
1068 0.752786
1069 0.379971
1070 0.449325
1071 1.16455
1072 1.00226
1073 1.02125
1074 1.02282
1075 1.05024
1076 1.02706
1077 1.13245
1078 1.02383
1079 1.00341
1080 0.944488
1081 0.902106
1082 1.22347
1083 1.21554
1084 1.16521
1085 1.25362
1086 1.11297
1087 1.07308
1088 0.901868
1089 0.00103258
1090 0
1091 0
1092 0
1093 2.31002e-06
1094 0
1095 2.31002e-06
1096 0.000385774
1097 2.31002e-05
1098 0
1099 0
1100 0
1101 0
1102 0
1103 0
1104 3.23403e-05
1105 9.7021e-05
1106 0
1107 0
1108 2.31002e-06
1109 2.31002e-06
1110 0
1111 0
1112 0
1113 0.000233312
1114 0
1115 0.0229732
1116 0
1117 0
1118 0
1119 0
1120 5.54406e-05
1121 1.61702e-05
1122 0
1123 0
1124 0
1125 0
1126 0
1127 0
1128 0.00247635
1129 0
1130 0
1131 0
1132 0
1133 0
1134 0
1135 0
1136 6.93007e-06
1137 4.62005e-06
1138 0
1139 0
1140 0
1141 0
1142 0
1143 0
1144 6.93007e-06
1145 0.00520217
1146 0
1147 0
1148 0
1149 0
1150 0
1151 0
1152 0.00712642
1153 1.28545
1154 1.16771
1155 1.08613
1156 1.05754
1157 0.994389
1158 0.996516
1159 0.967364
1160 0.913704
1161 1.29626
1162 1.22469
1163 1.20776
1164 1.15061
1165 1.10887
1166 1.08303
1167 0.978385
1168 0.825903
1169 1.3177
1170 1.21968
1171 1.09501
1172 1.05513
1173 1.07083
1174 1.04542
1175 0.980917
1176 1.59473
1177 1.35153
1178 1.24727
1179 1.18147
1180 1.08334
1181 1.06202
1182 1.08892
1183 0.997159
1184 0.912067
1185 1.36086
1186 1.20804
1187 1.1294
1188 1.10626
1189 1.11888
1190 1.07833
1191 1.023
1192 1.04425
1193 1.37859
1194 1.27084
1195 1.19052
1196 1.16229
1197 1.10479
1198 1.09494
1199 1.02408
1200 1.17521
1201 1.29418
1202 1.27513
1203 1.23167
1204 1.19858
1205 1.14816
1206 1.09563
1207 1.14959
1208 1.15663
1209 1.30339
1210 1.39503
1211 1.42145
1212 1.30111
1213 1.29545
1214 1.22681
1215 1.29819
1216 1.34744
1217 0.186202
1218 0.803752
1219 0.212104
1220 0.440653
1221 1.03342
1222 1.33095
1223 0.919521
1224 0.837178
1225 0.755313
1226 0.974285
1227 0.922057
1228 0.939366
1229 0.945384
1230 0.831664
1231 0.88448
1232 0.932134
1233 0.686795
1234 0.951529
1235 0.949944
1236 0.996609
1237 1.02091
1238 0.959445
1239 0.994119
1240 0.908763
1241 0.761476
1242 1.08039
1243 1.04119
1244 0.862928
1245 0.888047
1246 0.868317
1247 0.934261
1248 0.855993
1249 0.827742
1250 0.673467
1251 0.721936
1252 0.986223
1253 0.94586
1254 0.976694
1255 0.939526
1256 0.760725
1257 0.782604
1258 0.860181
1259 0.966424
1260 0.943141
1261 0.942566
1262 0.899572
1263 0.916107
1264 0.882896
1265 0.750575
1266 0.881237
1267 0.919995
1268 0.934603
1269 0.957034
1270 0.964028
1271 0.919833
1272 0.920799
1273 0.0353064
1274 0.936996
1275 0.240106
1276 0.34417
1277 0.243955
1278 0.128927
1279 0.733213
1280 0.974477
1281 0.0497949
1282 0.884663
1283 0.353029
1284 0.84126
1285 0.0551865
1286 0.534932
1287 0.263946
1288 0.220998
1289 1.31983
1290 1.26122
1291 1.21903
1292 1.45747
1293 1.75297
1294 1.50722
1295 1.17989
1296 0.0115386
1297 1.98174
1298 1.43392
1299 1.53405
1300 1.80091
1301 1.96482
1302 1.8517
1303 1.18959
1304 2.10388
1305 1.56242
1306 1.17135
1307 1.73221
1308 1.19783
1309 1.54861
1310 1.51237
1311 0.772435
1312 3.22636
1313 1.53864
1314 1.34065
1315 1.20996
1316 1.26825
1317 1.83255
1318 1.59544
1319 1.3381
1320 1.84944
1321 1.8565
1322 1.41831
1323 1.28417
1324 1.32363
1325 1.73644
1326 1.57402
1327 1.6743
1328 1.81949
1329 1.65582
1330 1.22188
1331 1.22882
1332 1.20932
1333 1.56406
1334 1.34241
1335 1.31325
1336 1.45214
1337 1.48263
1338 1.35825
1339 1.26603
1340 1.37856
1341 1.84506
1342 1.54172
1343 1.3969
1344 2.19839
1345 1.59607
1346 1.03692
1347 1.11182
1348 1.08858
1349 0.969854
1350 0.991037
1351 1.3103
1352 1.51581
1353 1.37283
1354 0.94081
1355 0.921489
1356 0.876261
1357 0.850967
1358 0.907169
1359 1.10542
1360 1.59626
1361 1.47178
1362 0.926218
1363 0.897791
1364 0.876594
1365 0.877638
1366 0.975109
1367 1.06657
1368 2.15391
1369 1.4779
1370 0.934797
1371 0.973442
1372 0.925603
1373 1.06979
1374 1.16558
1375 1.24529
1376 2.02475
1377 1.04709
1378 1.37632
1379 1.09798
1380 1.35928
1381 1.18724
1382 1.20789
1383 1.6463
1384 2.06539
1385 2.50194
1386 1.51429
1387 1.25726
1388 1.12209
1389 0.98298
1390 1.17456
1391 1.25255
1392 2.52954
1393 1.7435
1394 1.47661
1395 1.44356
1396 1.14842
1397 1.37027
1398 1.15244
1399 1.59929
1400 1.81357
1401 1.25284
1402 1.29856
1403 1.87167
1404 1.42984
1405 1.27712
1406 1.09744
1407 1.27488
1408 2.13381
1409 2.27607
1410 1.22806
1411 1.24313
1412 1.23523
1413 0.991917
1414 0.967475
1415 8.54709e-05
1416 0
1417 1.63738
1418 1.16932
1419 1.15335
1420 1.00651
1421 0.965731
1422 1.00304
1423 9.24009e-05
1424 0.000115501
1425 1.09418
1426 1.34241
1427 1.09014
1428 1.09532
1429 1.00587
1430 1.0226
1431 8.31609e-05
1432 6.00606e-05
1433 1.63779
1434 1.18261
1435 1.02707
1436 1.0324
1437 0.997487
1438 0.973744
1439 0.000103951
1440 9.24009e-05
1441 172.425
1442 0
1443 1.03386
1444 1.05949
1445 1.01379
1446 1.01234
1447 1.00517
1448 1.1615
1449 0.000124741
1450 0.000140911
1451 1.0022
1452 1.00891
1453 0.976512
1454 0.998688
1455 1.05105
1456 1.35822
1457 8.77809e-05
1458 0.000117811
1459 0.996831
1460 0.999776
1461 1.02763
1462 1.06505
1463 1.09932
1464 1.12243
1465 9.4711e-05
1466 7.39208e-05
1467 1.0577
1468 1.01303
1469 1.00791
1470 1.04257
1471 1.06117
1472 1.03293
1473 0.0355952
1474 0.198574
1475 1.5089
1476 0.705192
1477 1.74949
1478 1.17099
1479 2.70318
1480 1.85056
1481 2.8535
1482 1.31746
1483 1.48571
1484 1.52937
1485 1.60221
1486 1.35171
1487 1.41382
1488 1.75191
1489 2.18617
1490 1.0559
1491 1.53786
1492 1.75869
1493 0.432748
1494 1.8323
1495 1.61392
1496 1.51303
1497 1.55712
1498 1.571
1499 0.176294
1500 0.512275
1501 1.18375
1502 1.59298
1503 1.13579
1504 1.72024
1505 2.67416
1506 1.86261
1507 1.556
1508 1.28608
1509 1.53462
1510 1.42904
1511 1.42508
1512 1.94168
1513 2.65331
1514 1.55353
1515 2.91829
1516 1.39881
1517 2.38481
1518 1.68304
1519 1.60823
1520 1.57723
1521 1.28464
1522 1.15748
1523 1.49704
1524 1.28437
1525 1.56493
1526 1.44447
1527 1.47537
1528 1.38731
1529 0.918435
1530 1.32451
1531 1.40087
1532 1.7849
1533 1.74977
1534 1.64668
1535 1.47608
1536 1.34183
1537 0.878661
1538 0.950468
1539 0.955465
1540 1.01376
1541 1.01353
1542 1.13561
1543 1.18873
1544 0.91744
1545 1.15725
1546 1.11119
1547 1.10529
1548 1.08406
1549 1.13798
1550 1.25584
1551 1.21268
1552 1.02697
1553 1.05416
1554 1.03557
1555 1.009
1556 1.03062
1557 1.19593
1558 1.24412
1559 1.18798
1560 1.00734
1561 1.09945
1562 1.04988
1563 1.05998
1564 1.08701
1565 1.28269
1566 1.1962
1567 1.0847
1568 1.0268
1569 1.07933
1570 1.14476
1571 1.01999
1572 1.07653
1573 1.03798
1574 1.02274
1575 1.06254
1576 1.00222
1577 1.03874
1578 1.05982
1579 1.15672
1580 1.11584
1581 1.05917
1582 1.05841
1583 1.07388
1584 0.916553
1585 1.11195
1586 1.22453
1587 1.16825
1588 1.1636
1589 1.09684
1590 1.12617
1591 1.13461
1592 0.893374
1593 0.976997
1594 1.16922
1595 1.22643
1596 1.17525
1597 1.07646
1598 1.07802
1599 1.06528
1600 0.794477
1601 1.22746
1602 1.22337
1603 1.17221
1604 1.20893
1605 1.31681
1606 1.46286
1607 1.4465
1608 0.960526
1609 1.83891
1610 1.65279
1611 1.45296
1612 1.47032
1613 1.5242
1614 1.51242
1615 1.62726
1616 1.60826
1617 2.03935
1618 1.64653
1619 1.62385
1620 1.60465
1621 1.53996
1622 1.56582
1623 1.64616
1624 1.772
1625 1.94052
1626 1.65084
1627 1.72435
1628 1.7066
1629 1.60156
1630 1.61128
1631 1.55561
1632 1.72774
1633 1.78129
1634 1.49649
1635 1.58922
1636 1.65169
1637 1.67839
1638 1.64993
1639 1.68908
1640 1.8205
1641 1.86667
1642 1.56099
1643 1.62581
1644 1.67536
1645 1.58388
1646 1.54736
1647 1.74028
1648 1.90823
1649 1.76838
1650 1.6106
1651 1.56824
1652 1.57277
1653 1.5447
1654 1.50158
1655 1.75942
1656 1.85087
1657 1.41148
1658 1.57283
1659 1.58316
1660 1.57899
1661 1.55733
1662 1.55772
1663 1.67556
1664 1.4926
1665 0.855647
1666 0.85567
1667 0.897768
1668 0.948066
1669 0.977586
1670 1.0418
1671 9.00909e-05
1672 0
1673 0.988212
1674 0.961748
1675 0.953425
1676 0.863357
1677 1.0549
1678 1.0894
1679 7.39208e-05
1680 0.000120121
1681 1.14584
1682 0.992141
1683 0.87956
1684 0.93209
1685 1.08136
1686 1.06692
1687 6.93007e-05
1688 9.00909e-05
1689 1.10697
1690 0.979676
1691 1.04757
1692 1.02084
1693 0.984324
1694 1.09026
1695 6.93007e-05
1696 9.7021e-05
1697 1.08096
1698 1.0632
1699 1.03585
1700 0.986916
1701 1.09143
1702 1.20545
1703 1.16489
1704 1.29819
1705 1.19026
1706 1.13902
1707 0.989328
1708 1.01589
1709 1.05792
1710 1.11597
1711 1.2252
1712 1.31568
1713 1.26412
1714 1.13205
1715 1.0253
1716 1.04885
1717 1.04259
1718 1.13759
1719 1.24114
1720 1.31723
1721 0.941646
1722 1.09018
1723 1.0832
1724 1.15217
1725 1.09807
1726 1.16702
1727 1.26147
1728 1.13033
1729 1.57538
1730 1.66459
1731 1.70017
1732 1.76311
1733 1.86527
1734 2.08493
1735 2.05874
1736 1.63006
1737 1.72729
1738 1.69831
1739 1.56981
1740 1.63248
1741 1.74175
1742 1.90364
1743 1.97588
1744 1.76949
1745 1.7367
1746 1.5607
1747 1.5795
1748 1.55466
1749 1.86091
1750 1.87239
1751 1.70734
1752 1.60385
1753 1.71964
1754 1.53806
1755 1.5148
1756 1.54717
1757 1.83258
1758 1.73654
1759 1.75233
1760 1.63077
1761 1.72727
1762 1.55244
1763 1.67983
1764 1.64937
1765 1.64427
1766 1.60602
1767 1.59268
1768 1.67127
1769 1.73234
1770 1.71459
1771 1.61487
1772 1.63215
1773 1.52282
1774 1.60727
1775 1.61188
1776 1.72259
1777 1.82955
1778 1.63621
1779 1.65901
1780 1.64876
1781 1.60391
1782 1.67488
1783 1.61451
1784 1.91948
1785 1.78534
1786 1.94356
1787 1.99492
1788 1.87659
1789 1.79451
1790 1.8247
1791 1.75573
1792 1.60424
1793 0.873893
1794 1.16739
1795 1.2058
1796 1.15096
1797 1.17599
1798 1.15085
1799 1.08464
1800 0.870244
1801 1.19321
1802 1.14689
1803 1.1464
1804 1.18395
1805 1.1201
1806 1.09452
1807 1.00365
1808 0.936916
1809 1.18062
1810 1.14548
1811 1.26282
1812 1.14554
1813 1.14673
1814 1.19122
1815 1.12817
1816 0.985846
1817 1.16766
1818 1.17477
1819 1.16987
1820 1.09896
1821 1.11071
1822 1.13354
1823 1.04281
1824 0.972795
1825 1.1646
1826 1.26403
1827 1.18212
1828 1.1417
1829 1.07414
1830 1.06113
1831 1.04878
1832 0.985405
1833 1.21111
1834 1.19798
1835 1.24841
1836 1.24064
1837 1.10711
1838 1.15846
1839 1.11176
1840 1.02882
1841 1.15538
1842 1.18063
1843 1.20142
1844 1.1679
1845 1.12148
1846 1.11296
1847 1.10956
1848 0.957687
1849 0.892371
1850 1.26825
1851 1.39461
1852 1.3195
1853 1.23847
1854 1.22042
1855 1.10539
1856 0.890715
1857 0.926643
1858 1.01865
1859 0.901933
1860 0.975419
1861 0.942083
1862 0.964421
1863 0.992698
1864 0.880807
1865 1.14271
1866 1.1121
1867 1.01944
1868 1.02333
1869 0.995969
1870 0.986627
1871 1.03757
1872 1.03062
1873 1.18782
1874 1.1263
1875 1.07076
1876 1.0342
1877 0.941854
1878 0.997618
1879 1.0593
1880 1.10011
1881 1.12285
1882 1.09295
1883 1.06781
1884 1.05705
1885 0.962885
1886 0.990011
1887 1.02129
1888 0.942423
1889 1.09814
1890 8.08508e-05
1891 1.01638
1892 1.1113
1893 1.03711
1894 1.06034
1895 1.04649
1896 1.09826
1897 1.11044
1898 1.05915
1899 1.06388
1900 1.00535
1901 1.00384
1902 1.05043
1903 1.0214
1904 1.06218
1905 1.05245
1906 0.993287
1907 0.937713
1908 0.973444
1909 1.016
1910 1.01949
1911 0.987397
1912 0.951178
1913 0.76423
1914 0.869571
1915 0.813761
1916 0.855399
1917 0.86706
1918 0.747009
1919 0.726465
1920 0.723527
1921 0.29739
1922 1.19564
1923 1.22158
1924 1.16495
1925 1.13034
1926 1.11205
1927 1.01697
1928 0.634991
1929 1.00068
1930 1.24536
1931 1.25338
1932 1.19394
1933 1.20371
1934 1.24747
1935 1.1937
1936 0.203739
1937 1.12428
1938 1.2856
1939 1.20902
1940 1.11515
1941 1.20437
1942 1.25963
1943 1.22787
1944 0.929861
1945 1.45479
1946 1.20251
1947 1.24944
1948 1.14203
1949 1.17202
1950 1.22853
1951 1.12242
1952 0.260818
1953 1.63233
1954 1.05212
1955 1.2155
1956 1.14685
1957 1.16686
1958 1.25396
1959 1.21346
1960 1.10924
1961 0.537965
1962 1.00765
1963 1.23577
1964 1.23291
1965 1.12153
1966 1.30271
1967 1.24024
1968 0.376051
1969 0.103884
1970 1.35095
1971 1.13451
1972 1.17431
1973 1.18227
1974 1.19404
1975 1.14539
1976 0.985424
1977 1.3607
1978 0.855559
1979 1.04408
1980 1.11276
1981 1.0876
1982 1.10534
1983 1.1062
1984 1.40369
1985 0.922958
1986 1.14802
1987 1.16841
1988 1.28183
1989 1.34278
1990 1.3608
1991 1.32935
1992 1.15042
1993 1.05496
1994 1.15306
1995 1.18205
1996 1.19156
1997 1.1557
1998 1.18187
1999 1.17769
2000 1.18551
2001 1.11232
2002 1.20904
2003 1.27229
2004 1.19359
2005 1.20962
2006 1.20431
2007 1.23727
2008 1.15654
2009 1.09383
2010 1.23147
2011 1.20044
2012 1.15813
2013 1.13594
2014 1.15828
2015 1.16334
2016 1.11369
2017 1.129
2018 1.26518
2019 1.26921
2020 1.20709
2021 1.12271
2022 1.12136
2023 1.16144
2024 1.11202
2025 0.959182
2026 1.17718
2027 1.24451
2028 1.16056
2029 1.12019
2030 1.16023
2031 1.11219
2032 1.04839
2033 0.85822
2034 1.11814
2035 1.12626
2036 1.09133
2037 1.06015
2038 1.05053
2039 1.05338
2040 1.03772
2041 0.870121
2042 1.21901
2043 1.26132
2044 1.16807
2045 1.11996
2046 1.07122
2047 1.0066
2048 0.9226
2049 1.16106
2050 0.982811
2051 2.2378
2052 0.478471
2053 0.254105
2054 1.01972
2055 1.47456
2056 0.17501
2057 0.820211
2058 1.13065
2059 1.13053
2060 2.5109
2061 0.617393
2062 1.34908
2063 1.45159
2064 1.20622
2065 1.25503
2066 1.32439
2067 1.47373
2068 0.0396585
2069 0.0172489
2070 1.5536
2071 1.36177
2072 0.754126
2073 1.21085
2074 1.19647
2075 1.2227
2076 0.313101
2077 0.0584228
2078 0.0254819
2079 0.0895227
2080 1.10199
2081 1.2308
2082 1.19979
2083 1.74106
2084 0.125917
2085 0.172834
2086 0.109999
2087 0.491709
2088 1.59333
2089 1.1336
2090 0.932702
2091 0.00544011
2092 1.70127
2093 0.068707
2094 0.160466
2095 0.121172
2096 1.50023
2097 0.982795
2098 1.12102
2099 1.1229
2100 1.18232
2101 0.322948
2102 1.54582
2103 1.62977
2104 1.22997
2105 1.42258
2106 0.982673
2107 1.0944
2108 1.03838
2109 1.40452
2110 1.33507
2111 1.35783
2112 0.680545
2113 1.43496
2114 1.7171
2115 1.71619
2116 1.85664
2117 1.50611
2118 1.51198
2119 1.38822
2120 0.95689
2121 1.42115
2122 1.6326
2123 1.63132
2124 1.55645
2125 1.53674
2126 1.41319
2127 1.30968
2128 1.15752
2129 2.02213
2130 1.50753
2131 1.56411
2132 1.51409
2133 1.63804
2134 1.37977
2135 1.26304
2136 1.19782
2137 1.48741
2138 1.5552
2139 1.52163
2140 1.32396
2141 1.89517
2142 1.75912
2143 1.38003
2144 1.41893
2145 0.89594
2146 1.47238
2147 1.64895
2148 2.83907
2149 1.9309
2150 1.34569
2151 1.40526
2152 1.50779
2153 2.37818
2154 1.62602
2155 1.34942
2156 1.6944
2157 0.580387
2158 1.96804
2159 1.40787
2160 1.5185
2161 1.94687
2162 1.56957
2163 1.31037
2164 1.49691
2165 1.94686
2166 1.24507
2167 1.45398
2168 1.30576
2169 0.990808
2170 1.56198
2171 1.78761
2172 1.52775
2173 0.734978
2174 1.44032
2175 1.53262
2176 1.35502
2177 1.19364
2178 1.43433
2179 1.53526
2180 1.43419
2181 1.40152
2182 1.34764
2183 1.38871
2184 1.04991
2185 1.26671
2186 1.5867
2187 1.53646
2188 1.5777
2189 1.42856
2190 1.49329
2191 1.30806
2192 1.3371
2193 1.22583
2194 1.2613
2195 1.38496
2196 1.50907
2197 1.49952
2198 1.23557
2199 1.35556
2200 1.36562
2201 1.22212
2202 1.30712
2203 1.80314
2204 1.55299
2205 1.77164
2206 1.41109
2207 1.3707
2208 1.52077
2209 1.42222
2210 1.43067
2211 1.69028
2212 1.72113
2213 1.54729
2214 1.30864
2215 1.21157
2216 1.71211
2217 1.30847
2218 1.28847
2219 1.31817
2220 1.39449
2221 1.47678
2222 1.27076
2223 1.22955
2224 2.0615
2225 1.19699
2226 1.34572
2227 1.60705
2228 1.45215
2229 1.69333
2230 1.35664
2231 1.24214
2232 1.45496
2233 1.03654
2234 1.31381
2235 1.43774
2236 1.54111
2237 1.2933
2238 1.4861
2239 1.42608
2240 0.888322
2241 0.48675
2242 1.30778
2243 1.30221
2244 1.27381
2245 0.846975
2246 1.47107
2247 1.51297
2248 0.850412
2249 1.06963
2250 1.05513
2251 1.09711
2252 1.07224
2253 1.03605
2254 1.10291
2255 1.05501
2256 0.971776
2257 0.962125
2258 1.25864
2259 1.06855
2260 0.998519
2261 1.00854
2262 0.986463
2263 0.974199
2264 1.09969
2265 1.09043
2266 1.03612
2267 0.472176
2268 0.548402
2269 1.00178
2270 1.04592
2271 1.19326
2272 0.812759
2273 1.01476
2274 0.749677
2275 0.820945
2276 0.764747
2277 1.22491
2278 1.04119
2279 1.10099
2280 0.952578
2281 0.972866
2282 1.24398
2283 0.301899
2284 1.09104
2285 0.984075
2286 1.01879
2287 0.746477
2288 0.915832
2289 1.00687
2290 1.07574
2291 1.12294
2292 1.14942
2293 1.00167
2294 1.16226
2295 1.03169
2296 0.961587
2297 0.894709
2298 1.18393
2299 1.05456
2300 1.10854
2301 0.93425
2302 1.30603
2303 0.894938
2304 0.635952
